1891	0
1891	14
1891	31
1891	33
1891	40
1891	43
1891	44
1891	84
1891	87
1891	98
1891	142
1891	211
1891	240
1891	249
1891	253
1891	264
1891	306
1891	319
1891	341
1891	375
1891	378
1891	384
1891	388
1891	401
1891	411
1891	457
1891	483
1891	487
1891	489
1891	529
1891	534
1891	540
1891	559
1891	609
1891	628
1891	637
1891	651
1891	699
1891	754
1891	793
1891	825
1891	841
1891	863
1891	896
1891	943
1891	1018
1891	1020
1891	1045
1891	1097
1891	1101
1891	1212
1891	1284
1891	1291
1891	1307
1891	1339
1891	1345
1891	1444
1891	1454
1891	1467
1891	1493
1891	1562
1891	1626
1891	1631
1891	1639
1891	1673
1891	1693
1891	1701
1891	1744
1891	1876
1891	1918
1891	1929
1891	1962
1891	1972
1891	2030
1891	2109
1891	2254
1891	2264
1891	2277
1891	2310
1891	2317
1891	2322
1891	2371
1891	2422
1891	2742
1891	2780
1891	2803
1891	2943
1891	2989
1891	3207
1891	3220
1891	3391
1891	3505
1891	3721
1891	3844
1891	3923
1891	3967
1891	1782
1891	1973
1891	1056
0	33
33	43
33	146
33	249
33	275
33	288
33	319
33	378
33	386
33	458
33	471
33	540
33	561
33	628
33	637
33	651
33	698
33	717
33	1046
33	1073
33	1307
33	1337
33	1339
33	1454
33	1480
33	1604
33	1830
33	1861
33	1876
33	1954
33	1984
33	2030
33	2061
33	2322
33	2332
33	2772
33	2989
33	3602
33	3721
33	2492
33	2499
1939	1
1939	1121
1939	3170
1939	3860
1	274
1	458
1	1811
458	6
458	9
458	24
458	35
458	45
458	50
458	67
458	83
458	86
458	96
458	121
458	138
458	144
458	157
458	160
458	173
458	176
458	179
458	186
458	187
458	228
458	236
458	238
458	253
458	255
458	270
458	274
458	275
458	276
458	289
458	305
458	308
458	320
458	334
458	336
458	337
458	343
458	361
458	363
458	380
458	397
458	402
458	406
458	436
458	474
458	476
458	480
458	520
458	523
458	533
458	552
458	557
458	591
458	594
458	612
458	620
458	628
458	629
458	640
458	666
458	669
458	670
458	674
458	675
458	677
458	683
458	697
458	717
458	724
458	727
458	728
458	734
458	742
458	761
458	772
458	780
458	807
458	836
458	842
458	852
458	853
458	881
458	889
458	891
458	894
458	898
458	928
458	936
458	939
458	944
458	945
458	949
458	954
458	961
458	980
458	991
458	996
458	1004
458	1013
458	1014
458	1018
458	1021
458	1025
458	1045
458	1072
458	1074
458	1080
458	1085
458	1095
458	1110
458	1117
458	1120
458	1121
458	1151
458	1153
458	1160
458	1163
458	1169
458	1183
458	1186
458	1189
458	1198
458	1205
458	1207
458	1217
458	1231
458	1248
458	1264
458	1283
458	1308
458	1323
458	1333
458	1337
458	1353
458	1370
458	1382
458	1383
458	1413
458	1414
458	1417
458	1423
458	1424
458	1434
458	1436
458	1441
458	1446
458	1460
458	1480
458	1483
458	1490
458	1523
458	1524
458	1540
458	1542
458	1558
458	1568
458	1589
458	1605
458	1623
458	1628
458	1640
458	1654
458	1668
458	1670
458	1672
458	1678
458	1679
458	1695
458	1702
458	1710
458	1755
458	1756
458	1760
458	1768
458	1777
458	1788
458	1882
458	1884
458	1904
458	1968
458	1974
458	1988
458	2005
458	2009
458	2037
458	2059
458	2061
458	2073
458	2079
458	2113
458	2121
458	2144
458	2157
458	2172
458	2186
458	2193
458	2206
458	2209
458	2213
458	2215
458	2217
458	2260
458	2264
458	2266
458	2274
458	2286
458	2303
458	2308
458	2319
458	2330
458	2332
458	2334
458	2339
458	2384
458	2388
458	2409
458	2435
458	2454
458	2464
458	2475
458	2477
458	2551
458	2573
458	2589
458	2610
458	2621
458	2640
458	2642
458	2651
458	2668
458	2704
458	2729
458	2758
458	2769
458	2772
458	2774
458	2789
458	2799
458	2814
458	2824
458	2827
458	2828
458	2832
458	2835
458	2859
458	2914
458	2919
458	2922
458	2964
458	2977
458	2997
458	3028
458	3032
458	3033
458	3038
458	3075
458	3087
458	3112
458	3164
458	3185
458	3194
458	3200
458	3228
458	3255
458	3307
458	3349
458	3386
458	3395
458	3408
458	3431
458	3454
458	3503
458	3520
458	3526
458	3582
458	3602
458	3607
458	3662
458	3670
458	3683
458	3706
458	3848
458	3849
458	3860
458	3921
458	3940
458	3963
458	4024
458	4025
458	4040
458	4066
458	2492
458	2989
458	428
458	918
458	28
458	2316
458	51
458	1555
458	2748
458	68
458	79
458	1312
458	158
458	3050
458	89
458	94
458	124
458	125
458	155
458	279
458	660
458	712
458	110
458	832
458	1849
458	118
458	818
458	2833
458	189
458	1192
458	2219
458	1843
458	429
458	2523
458	324
458	362
458	414
458	1465
458	1084
458	52
458	1821
458	438
458	3423
458	2541
458	1432
458	2042
458	1103
458	2045
458	3004
458	53
458	2600
458	3694
458	1174
458	1838
458	497
458	1251
458	2159
458	1065
458	2644
458	689
458	3352
458	953
458	1817
458	2504
458	2313
458	1196
458	1395
458	3378
458	814
458	568
458	2698
458	2971
458	556
458	763
458	746
458	3487
458	1636
458	2817
458	1544
458	3981
458	1730
458	1332
458	1167
458	3318
458	509
458	2020
458	1866
458	2898
458	942
458	426
458	3862
458	109
458	256
458	1611
458	815
458	1608
458	1841
458	2368
458	1214
458	1346
458	1119
458	1712
458	884
458	872
458	2056
458	2694
458	469
458	41
458	2512
458	3700
458	755
458	2555
458	4068
458	499
458	3308
458	261
458	2810
458	3920
458	3762
458	828
458	2552
458	1099
458	2089
458	3040
458	2164
458	1070
458	2190
458	731
458	1809
458	7
458	2292
458	231
458	3018
458	868
458	1277
458	2924
458	1128
458	2282
458	1708
458	876
458	2251
458	561
458	2442
458	95
458	2993
458	2612
458	2762
458	2955
458	57
458	971
458	2400
458	1289
458	976
458	878
458	855
458	575
458	101
458	2505
458	2506
458	2060
458	58
458	1290
458	394
458	1334
458	2155
458	1318
458	2168
458	1534
458	3072
458	1753
458	2768
458	317
458	871
458	3433
458	3459
458	2360
458	1443
458	1961
458	1118
458	2982
458	3131
458	1137
458	298
458	595
458	2130
458	3424
458	2734
458	634
458	1857
458	2443
458	599
458	1225
458	2844
458	1874
458	1742
458	2912
458	2980
458	1302
458	2280
458	1772
458	769
458	2568
458	177
458	1921
458	1082
458	603
458	2039
458	2058
458	3660
458	223
458	393
458	4042
458	3066
458	182
458	2802
458	1011
458	1368
458	658
458	2455
458	3092
458	1900
458	3116
458	1416
458	1034
458	745
458	860
458	2520
458	1343
458	3707
458	2929
458	1155
458	1646
458	623
458	2572
458	99
458	3100
458	30
458	2143
458	1723
458	430
2492	3
2492	11
2492	14
2492	35
2492	43
2492	83
2492	86
2492	88
2492	142
2492	146
2492	150
2492	157
2492	167
2492	179
2492	187
2492	238
2492	249
2492	253
2492	294
2492	308
2492	319
2492	320
2492	345
2492	352
2492	365
2492	375
2492	378
2492	380
2492	401
2492	404
2492	406
2492	408
2492	483
2492	530
2492	540
2492	579
2492	592
2492	594
2492	628
2492	640
2492	651
2492	670
2492	675
2492	717
2492	734
2492	761
2492	788
2492	852
2492	863
2492	894
2492	918
2492	924
2492	964
2492	1004
2492	1018
2492	1032
2492	1104
2492	1139
2492	1261
2492	1307
2492	1309
2492	1312
2492	1314
2492	1333
2492	1337
2492	1353
2492	1381
2492	1417
2492	1433
2492	1434
2492	1454
2492	1463
2492	1490
2492	1495
2492	1533
2492	1572
2492	1589
2492	1595
2492	1604
2492	1693
2492	1752
2492	1755
2492	1763
2492	1812
2492	1842
2492	1876
2492	1929
2492	1981
2492	2030
2492	2050
2492	2109
2492	2112
2492	2219
2492	2277
2492	2308
2492	2332
2492	2365
2492	2418
2492	2424
2492	2464
2492	2499
2492	2573
2492	2611
2492	2638
2492	2731
2492	2737
2492	2760
2492	2827
2492	2922
2492	2989
2492	3280
2492	67
2492	193
2492	1054
2492	1193
2492	804
2492	158
2492	952
2492	1273
2492	258
2492	712
2492	437
2492	118
2492	795
2492	2181
2492	91
2492	3661
2492	854
2492	1602
2492	2969
2492	857
2492	738
2492	1689
2492	646
2492	1510
2492	751
2492	400
2492	2866
2492	812
2492	2954
2492	1182
2492	1341
2492	1165
2492	3189
2492	1482
2492	636
2492	3394
2492	1150
2492	2070
2492	3464
2492	2963
2492	3381
2492	817
2492	3872
2492	1126
2492	1559
2492	3403
2492	1102
2492	1147
2492	522
2492	496
2492	444
2492	1543
2492	1761
2492	2011
2492	1125
2492	1350
2492	2956
2492	593
2492	2777
2492	1083
2492	265
2492	3606
2492	2871
2492	1535
2492	448
2492	2994
2492	2017
3	179
3	380
3	582
3	628
3	1409
3	2308
3	2479
3	1755
3	138
3	1428
3	954
3	408
3	1260
1755	9
1755	11
1755	14
1755	43
1755	67
1755	116
1755	138
1755	150
1755	167
1755	179
1755	183
1755	187
1755	236
1755	238
1755	251
1755	253
1755	260
1755	266
1755	274
1755	276
1755	277
1755	289
1755	294
1755	308
1755	320
1755	342
1755	345
1755	355
1755	365
1755	375
1755	380
1755	383
1755	391
1755	401
1755	418
1755	419
1755	425
1755	428
1755	435
1755	483
1755	487
1755	500
1755	551
1755	594
1755	608
1755	628
1755	640
1755	669
1755	670
1755	675
1755	677
1755	684
1755	694
1755	704
1755	724
1755	734
1755	735
1755	767
1755	772
1755	780
1755	847
1755	852
1755	863
1755	867
1755	886
1755	890
1755	918
1755	919
1755	922
1755	928
1755	954
1755	956
1755	1004
1755	1009
1755	1018
1755	1045
1755	1057
1755	1072
1755	1077
1755	1104
1755	1117
1755	1120
1755	1162
1755	1163
1755	1176
1755	1204
1755	1210
1755	1249
1755	1260
1755	1264
1755	1305
1755	1308
1755	1333
1755	1337
1755	1353
1755	1383
1755	1397
1755	1399
1755	1407
1755	1422
1755	1428
1755	1434
1755	1474
1755	1475
1755	1480
1755	1540
1755	1542
1755	1568
1755	1581
1755	1640
1755	1669
1755	1679
1755	1768
1755	1793
1755	1811
1755	1830
1755	1854
1755	1876
1755	1904
1755	1951
1755	1981
1755	1984
1755	1990
1755	2010
1755	2043
1755	2196
1755	2220
1755	2223
1755	2230
1755	2243
1755	2244
1755	2277
1755	2296
1755	2308
1755	2317
1755	2324
1755	2325
1755	2335
1755	2365
1755	2384
1755	2454
1755	2464
1755	2479
1755	2481
1755	2655
1755	2713
1755	2720
1755	2729
1755	2738
1755	2869
1755	2916
1755	2989
1755	2997
1755	3243
1755	3263
1755	3300
1755	3377
1755	3390
1755	3491
1755	3503
1755	3524
1755	3576
1755	3926
1755	4043
1755	408
1755	249
1755	651
1755	142
1755	1454
1755	1693
1755	540
1755	319
1755	3725
138	9
138	43
138	67
138	116
138	179
138	260
138	294
138	320
138	380
138	383
138	408
138	419
138	435
138	640
138	670
138	694
138	767
138	919
138	922
138	928
138	954
138	956
138	969
138	1120
138	1260
138	1428
138	1854
138	1924
138	1951
138	2043
138	2220
138	2243
138	2365
138	2454
138	2464
138	2479
138	2713
138	2738
138	2764
138	3185
138	3300
138	3503
138	3626
138	3940
138	628
138	2989
138	428
138	1045
138	253
138	1568
138	2308
138	1072
1428	9
1428	67
1428	107
1428	179
1428	260
1428	294
1428	320
1428	380
1428	383
1428	419
1428	435
1428	628
1428	640
1428	670
1428	694
1428	767
1428	847
1428	919
1428	922
1428	928
1428	954
1428	956
1428	1120
1428	1176
1428	1188
1428	1210
1428	1260
1428	1397
1428	1568
1428	1854
1428	1951
1428	2243
1428	2308
1428	2365
1428	2454
1428	2464
1428	2465
1428	2479
1428	2692
1428	2713
1428	2738
1428	2989
1428	3011
1428	3300
1428	3503
1428	3940
1428	4043
1428	408
1428	669
954	9
954	67
954	106
954	107
954	116
954	179
954	260
954	294
954	301
954	320
954	380
954	383
954	408
954	419
954	435
954	628
954	640
954	670
954	694
954	767
954	847
954	919
954	922
954	928
954	956
954	969
954	1120
954	1176
954	1188
954	1260
954	1397
954	1854
954	1924
954	2220
954	2243
954	2365
954	2454
954	2464
954	2479
954	2692
954	2738
954	2764
954	2848
954	3185
954	3503
954	3626
954	3940
954	4043
954	43
954	365
954	401
954	1104
954	308
954	1480
954	675
954	253
954	2308
954	236
408	67
408	116
408	179
408	260
408	294
408	301
408	320
408	380
408	383
408	419
408	547
408	640
408	670
408	767
408	899
408	919
408	922
408	928
408	956
408	1176
408	1260
408	2243
408	2479
408	2764
408	3626
408	4043
408	249
408	651
408	1876
408	14
408	483
408	2989
408	2230
408	734
408	1434
408	1454
408	863
408	1693
408	253
408	1981
408	2277
408	540
408	704
408	319
1260	9
1260	67
1260	179
1260	260
1260	294
1260	320
1260	380
1260	383
1260	419
1260	435
1260	640
1260	670
1260	694
1260	767
1260	919
1260	922
1260	928
1260	956
1260	1120
1260	1176
1260	1924
1260	1951
1260	2043
1260	2220
1260	2243
1260	2365
1260	2454
1260	2464
1260	2479
1260	2692
1260	2713
1260	2738
1260	3503
1260	3940
1260	4043
1260	628
1260	2308
249	4
249	14
249	27
249	43
249	44
249	67
249	100
249	142
249	172
249	179
249	240
249	253
249	264
249	277
249	288
249	293
249	306
249	308
249	319
249	320
249	327
249	331
249	345
249	359
249	375
249	384
249	386
249	391
249	401
249	411
249	457
249	471
249	483
249	529
249	530
249	534
249	540
249	559
249	609
249	628
249	637
249	651
249	665
249	670
249	698
249	699
249	704
249	734
249	794
249	825
249	841
249	863
249	918
249	1018
249	1045
249	1046
249	1073
249	1117
249	1136
249	1204
249	1212
249	1307
249	1337
249	1338
249	1339
249	1345
249	1407
249	1433
249	1434
249	1454
249	1471
249	1475
249	1493
249	1562
249	1604
249	1631
249	1669
249	1679
249	1693
249	1830
249	1876
249	1917
249	1954
249	1981
249	1984
249	1990
249	1996
249	2030
249	2109
249	2191
249	2230
249	2277
249	2310
249	2325
249	2332
249	2350
249	2365
249	2371
249	2422
249	2457
249	2565
249	2605
249	2648
249	2655
249	2744
249	2772
249	2798
249	2803
249	2860
249	2875
249	2989
249	3077
249	3121
249	3128
249	3491
249	3528
249	3721
249	3940
249	3539
249	2499
249	1444
249	3520
249	896
249	1284
249	1962
4	43
4	651
4	289
4	1876
4	14
43	14
43	40
43	44
43	60
43	67
43	74
43	142
43	146
43	150
43	164
43	167
43	172
43	179
43	215
43	253
43	275
43	289
43	294
43	297
43	300
43	308
43	319
43	320
43	345
43	359
43	365
43	375
43	376
43	380
43	391
43	401
43	406
43	411
43	461
43	470
43	471
43	483
43	491
43	493
43	498
43	530
43	536
43	538
43	540
43	547
43	551
43	569
43	594
43	617
43	628
43	637
43	639
43	640
43	651
43	665
43	670
43	694
43	696
43	716
43	722
43	725
43	735
43	752
43	765
43	825
43	841
43	843
43	901
43	918
43	969
43	1007
43	1018
43	1019
43	1036
43	1045
43	1054
43	1077
43	1098
43	1101
43	1104
43	1120
43	1170
43	1193
43	1204
43	1209
43	1297
43	1309
43	1314
43	1333
43	1337
43	1338
43	1399
43	1454
43	1457
43	1471
43	1493
43	1499
43	1507
43	1533
43	1562
43	1572
43	1581
43	1582
43	1604
43	1631
43	1633
43	1673
43	1693
43	1701
43	1726
43	1738
43	1752
43	1808
43	1830
43	1842
43	1847
43	1929
43	1962
43	1984
43	1990
43	1994
43	2010
43	2029
43	2030
43	2050
43	2085
43	2086
43	2151
43	2308
43	2317
43	2322
43	2324
43	2344
43	2350
43	2365
43	2457
43	2466
43	2481
43	2499
43	2565
43	2605
43	2641
43	2690
43	2714
43	2760
43	2798
43	2803
43	2989
43	3039
43	3121
43	3128
43	3185
43	3219
43	3247
43	3262
43	3391
43	3491
43	3503
43	3524
43	3528
43	3575
43	3721
43	3724
43	3726
43	3940
43	4050
43	1876
43	10
43	1459
43	11
43	428
43	487
43	677
43	1305
43	2230
43	741
43	1444
43	1480
43	734
43	1434
43	2704
43	675
43	2428
43	21
43	2332
43	1032
43	264
43	958
43	1826
43	602
43	2346
43	1705
43	83
43	3427
43	2780
43	175
43	808
43	1861
43	330
43	222
43	3445
43	3543
43	2197
43	340
43	1246
43	1171
43	826
43	221
43	3363
43	3681
43	704
43	193
43	3564
43	384
43	4060
43	206
43	995
43	1872
43	1601
43	2140
43	707
43	2894
43	1735
43	919
43	1883
43	1763
43	3520
43	1568
43	1146
651	11
651	14
651	27
651	44
651	69
651	142
651	146
651	164
651	167
651	179
651	192
651	211
651	240
651	253
651	289
651	308
651	311
651	319
651	320
651	327
651	331
651	345
651	375
651	380
651	384
651	401
651	411
651	483
651	529
651	530
651	540
651	573
651	609
651	628
651	637
651	670
651	704
651	722
651	734
651	793
651	794
651	863
651	918
651	926
651	1018
651	1019
651	1045
651	1073
651	1101
651	1136
651	1140
651	1166
651	1204
651	1212
651	1303
651	1307
651	1309
651	1338
651	1339
651	1391
651	1399
651	1404
651	1407
651	1433
651	1434
651	1454
651	1471
651	1475
651	1499
651	1523
651	1562
651	1581
651	1604
651	1616
651	1631
651	1669
651	1693
651	1701
651	1842
651	1876
651	1981
651	1984
651	2030
651	2085
651	2086
651	2109
651	2277
651	2310
651	2317
651	2322
651	2332
651	2371
651	2457
651	2464
651	2481
651	2485
651	2499
651	2565
651	2605
651	2648
651	2655
651	2692
651	2720
651	2744
651	2780
651	2803
651	2860
651	2875
651	2989
651	3077
651	3128
651	3172
651	3491
651	3524
651	3525
651	3528
651	3721
651	3940
651	2230
651	1333
651	1444
651	825
651	2772
651	1639
651	699
651	1146
651	1744
651	1284
651	1425
651	1645
651	194
651	2135
651	3704
651	4012
651	978
651	199
651	3800
651	2032
651	1971
651	3485
651	2240
651	2787
651	655
651	2421
651	2191
651	1546
651	2728
289	11
289	14
289	164
289	253
289	255
289	274
289	308
289	355
289	368
289	391
289	401
289	428
289	453
289	483
289	487
289	594
289	628
289	677
289	734
289	918
289	1054
289	1186
289	1337
289	1417
289	1422
289	1434
289	1446
289	1475
289	1533
289	1540
289	1568
289	1673
289	1679
289	1830
289	1984
289	2085
289	2230
289	2276
289	2384
289	2499
289	2690
289	2704
289	2776
289	3128
289	3185
289	3200
289	3342
289	3391
289	3576
289	3940
289	640
289	320
289	167
289	2989
289	142
289	1045
289	72
289	1333
289	1480
289	675
289	375
289	886
289	1904
289	236
289	2868
1876	14
1876	44
1876	137
1876	142
1876	172
1876	179
1876	240
1876	253
1876	308
1876	311
1876	319
1876	320
1876	327
1876	375
1876	378
1876	380
1876	401
1876	471
1876	483
1876	540
1876	609
1876	628
1876	637
1876	670
1876	734
1876	863
1876	918
1876	969
1876	1018
1876	1077
1876	1333
1876	1339
1876	1407
1876	1433
1876	1434
1876	1454
1876	1471
1876	1475
1876	1573
1876	1631
1876	1669
1876	1693
1876	1830
1876	1861
1876	1953
1876	1981
1876	1984
1876	2030
1876	2230
1876	2277
1876	2310
1876	2317
1876	2365
1876	2481
1876	2565
1876	2648
1876	2720
1876	2772
1876	2989
1876	3060
1876	3077
1876	3128
1876	3172
1876	3185
1876	3491
1876	3528
1876	3721
1876	3940
1876	428
1876	1045
1876	1480
1876	675
1876	40
1876	551
14	44
14	67
14	98
14	142
14	146
14	150
14	164
14	172
14	179
14	215
14	240
14	253
14	275
14	306
14	308
14	319
14	320
14	345
14	370
14	375
14	380
14	384
14	401
14	411
14	428
14	457
14	471
14	483
14	529
14	530
14	534
14	540
14	609
14	628
14	670
14	699
14	704
14	734
14	863
14	918
14	1018
14	1019
14	1041
14	1045
14	1104
14	1117
14	1215
14	1309
14	1310
14	1314
14	1333
14	1337
14	1338
14	1345
14	1399
14	1433
14	1434
14	1451
14	1454
14	1533
14	1562
14	1631
14	1639
14	1679
14	1693
14	1904
14	1962
14	1981
14	2030
14	2097
14	2277
14	2317
14	2350
14	2422
14	2499
14	2565
14	2605
14	2648
14	2704
14	2780
14	2798
14	2803
14	2813
14	2989
14	3121
14	3128
14	3247
14	3491
14	3505
14	3528
14	3721
14	3726
14	167
14	391
14	2230
14	1800
14	3539
14	741
14	1444
14	1480
14	1127
14	964
14	841
14	484
14	675
14	40
14	825
1540	5
1540	11
1540	72
1540	167
1540	274
1540	368
1540	391
1540	401
1540	428
1540	487
1540	594
1540	628
1540	670
1540	677
1540	734
1540	886
1540	991
1540	1072
1540	1105
1540	1186
1540	1204
1540	1417
1540	1434
1540	1440
1540	1446
1540	1607
1540	1629
1540	1632
1540	1640
1540	1673
1540	1679
1540	1811
1540	1963
1540	1990
1540	2170
1540	2230
1540	2321
1540	2384
1540	2499
1540	2997
1540	3181
1540	3268
1540	3883
1540	3903
1540	640
1540	320
1540	2989
1540	1045
1540	308
1540	1480
1540	2704
1540	675
1540	918
1540	253
1540	375
1540	1337
1540	1568
1540	1904
1540	236
594	8
594	9
594	16
594	35
594	49
594	83
594	85
594	86
594	141
594	145
594	148
594	158
594	173
594	187
594	201
594	214
594	235
594	238
594	270
594	274
594	276
594	280
594	283
594	295
594	308
594	312
594	319
594	320
594	334
594	336
594	389
594	391
594	397
594	402
594	406
594	421
594	441
594	443
594	452
594	453
594	506
594	532
594	541
594	576
594	577
594	608
594	612
594	621
594	626
594	628
594	662
594	669
594	670
594	673
594	675
594	677
594	691
594	694
594	711
594	717
594	734
594	740
594	747
594	761
594	767
594	780
594	802
594	803
594	837
594	852
594	888
594	891
594	937
594	972
594	981
594	991
594	1004
594	1008
594	1021
594	1023
594	1037
594	1072
594	1077
594	1078
594	1079
594	1085
594	1093
594	1095
594	1096
594	1117
594	1152
594	1161
594	1163
594	1169
594	1179
594	1183
594	1185
594	1213
594	1237
594	1278
594	1282
594	1288
594	1296
594	1308
594	1312
594	1333
594	1337
594	1338
594	1340
594	1353
594	1363
594	1372
594	1373
594	1380
594	1383
594	1401
594	1405
594	1410
594	1417
594	1430
594	1436
594	1446
594	1448
594	1480
594	1490
594	1505
594	1515
594	1555
594	1558
594	1579
594	1596
594	1598
594	1600
594	1604
594	1640
594	1664
594	1668
594	1673
594	1678
594	1734
594	1737
594	1750
594	1760
594	1768
594	1773
594	1776
594	1780
594	1806
594	1811
594	1814
594	1840
594	1877
594	1879
594	1915
594	1938
594	1968
594	1976
594	1980
594	1982
594	1990
594	1998
594	2009
594	2029
594	2068
594	2112
594	2128
594	2134
594	2197
594	2234
594	2261
594	2267
594	2293
594	2298
594	2316
594	2332
594	2337
594	2440
594	2459
594	2464
594	2481
594	2516
594	2530
594	2573
594	2579
594	2588
594	2594
594	2609
594	2626
594	2640
594	2650
594	2654
594	2666
594	2670
594	2704
594	2711
594	2721
594	2729
594	2748
594	2758
594	2797
594	2799
594	2811
594	2812
594	2821
594	2827
594	2830
594	2862
594	2904
594	2919
594	2922
594	2923
594	2932
594	2942
594	2978
594	2985
594	2997
594	3045
594	3047
594	3107
594	3110
594	3200
594	3396
594	3406
594	3421
594	3429
594	3463
594	3497
594	3527
594	3532
594	3601
594	3685
594	3686
594	3697
594	3729
594	3842
594	3850
594	3869
594	3978
594	4007
594	4028
594	179
594	483
594	2989
594	380
594	401
594	1045
594	253
594	375
594	1572
594	2010
594	3310
594	1412
594	59
594	1243
594	1158
594	1859
594	186
594	3383
594	113
594	1074
594	1904
594	236
594	258
594	660
594	712
594	437
594	1651
594	832
594	835
594	1595
594	118
594	916
594	818
594	1910
594	579
594	2687
594	527
594	468
594	928
594	1370
594	2551
594	2278
594	615
594	572
594	772
594	2847
594	1058
594	806
594	1280
594	1465
594	755
594	1460
594	1772
594	533
594	623
594	1975
594	962
594	1783
594	2253
594	3502
594	1250
594	1517
594	2637
594	162
594	2048
594	1549
594	139
594	659
594	3496
594	2897
594	2604
594	2592
594	913
594	1228
594	4041
594	1955
594	3436
594	1249
594	3190
594	3972
594	3851
594	1406
594	2469
594	3922
594	854
594	3130
594	303
594	966
594	1785
594	1066
594	2581
594	653
594	1602
594	571
594	1610
594	2583
594	2870
594	1932
594	1342
594	3315
594	2941
594	3080
594	3482
594	2158
594	2126
594	1218
594	652
594	3692
594	1267
594	159
594	2969
594	3465
594	1660
594	702
594	127
594	2646
594	208
594	2180
594	857
594	738
594	661
594	2527
594	1390
594	2533
594	2000
594	3858
594	322
594	1747
1269	9
1269	2464
9	640
9	1018
9	1690
9	67
9	1200
9	890
9	320
9	889
9	179
640	67
640	179
640	253
640	260
640	274
640	294
640	320
640	345
640	363
640	380
640	383
640	391
640	409
640	419
640	435
640	540
640	628
640	669
640	670
640	767
640	847
640	919
640	922
640	928
640	956
640	1018
640	1176
640	1353
640	1679
640	1811
640	1830
640	1854
640	1984
640	2043
640	2220
640	2243
640	2308
640	2340
640	2365
640	2464
640	2465
640	2479
640	2692
640	2713
640	2738
640	2989
640	3185
640	3300
640	3440
640	3940
640	4043
640	890
640	11
640	401
640	428
640	1045
640	677
640	1480
640	675
640	918
640	375
640	1568
640	1072
640	266
640	236
640	355
640	2335
640	251
1018	11
1018	142
1018	167
1018	172
1018	179
1018	308
1018	320
1018	345
1018	365
1018	375
1018	380
1018	391
1018	401
1018	471
1018	483
1018	540
1018	551
1018	628
1018	669
1018	670
1018	741
1018	772
1018	792
1018	969
1018	1045
1018	1089
1018	1104
1018	1191
1018	1305
1018	1399
1018	1461
1018	1532
1018	1568
1018	1668
1018	1693
1018	1830
1018	1842
1018	1984
1018	2010
1018	2308
1018	2317
1018	2338
1018	2350
1018	2365
1018	2464
1018	2481
1018	2499
1018	2565
1018	2614
1018	2704
1018	2907
1018	2922
1018	2989
1018	3472
1018	3528
1018	3726
1018	3761
1018	3940
1018	3976
1018	890
1018	428
1018	677
1018	1480
1018	675
1018	1454
1018	918
1018	253
1018	919
1018	2335
1690	320
1690	401
1690	628
1690	670
1690	1204
1690	1830
1690	1984
1690	1990
1690	2464
67	172
67	179
67	260
67	294
67	320
67	336
67	380
67	383
67	401
67	419
67	435
67	483
67	547
67	628
67	668
67	670
67	694
67	761
67	767
67	859
67	919
67	922
67	928
67	956
67	1117
67	1120
67	1176
67	1210
67	1679
67	1854
67	1951
67	2043
67	2220
67	2243
67	2265
67	2308
67	2454
67	2464
67	2479
67	2692
67	2713
67	2747
67	2989
67	3503
67	3626
67	4043
67	1104
67	1045
67	1568
67	1072
67	1960
67	3187
67	266
1200	179
1200	670
1200	780
1200	1480
1200	2464
1200	2526
1200	2729
890	179
890	183
890	227
890	251
890	319
890	320
890	333
890	342
890	355
890	380
890	401
890	479
890	628
890	670
890	734
890	849
890	997
890	1022
890	1045
890	1204
890	1216
890	1669
890	1733
890	1745
890	1889
890	2052
890	2241
890	2242
890	2244
890	2335
890	2464
890	2599
890	2948
890	3026
890	3185
890	3940
320	11
320	60
320	137
320	142
320	146
320	167
320	172
320	179
320	215
320	236
320	238
320	253
320	260
320	274
320	276
320	294
320	300
320	308
320	319
320	327
320	345
320	359
320	365
320	375
320	380
320	383
320	391
320	397
320	401
320	419
320	435
320	483
320	487
320	540
320	551
320	559
320	628
320	669
320	670
320	677
320	681
320	694
320	704
320	734
320	767
320	772
320	852
320	863
320	882
320	919
320	922
320	928
320	956
320	969
320	1045
320	1057
320	1077
320	1085
320	1104
320	1117
320	1305
320	1333
320	1337
320	1353
320	1399
320	1422
320	1433
320	1434
320	1454
320	1461
320	1475
320	1507
320	1514
320	1555
320	1568
320	1581
320	1616
320	1640
320	1679
320	1693
320	1768
320	1790
320	1811
320	1830
320	1981
320	1984
320	2010
320	2220
320	2230
320	2243
320	2277
320	2308
320	2317
320	2350
320	2365
320	2384
320	2454
320	2457
320	2464
320	2479
320	2481
320	2499
320	2519
320	2641
320	2648
320	2692
320	2704
320	2713
320	2720
320	2880
320	2960
320	2989
320	2997
320	3039
320	3185
320	3342
320	3524
320	3576
320	3726
320	3940
320	4022
320	428
320	3539
320	1480
320	675
320	918
320	1604
320	1842
320	1883
320	406
320	1072
320	266
320	1904
320	1004
320	355
320	2335
320	251
320	2275
320	3870
320	2854
889	179
889	628
889	670
889	969
889	1337
889	1757
889	2365
889	2464
179	44
179	47
179	60
179	137
179	185
179	236
179	253
179	260
179	275
179	294
179	300
179	319
179	327
179	345
179	356
179	365
179	375
179	380
179	383
179	401
179	416
179	419
179	435
179	446
179	462
179	471
179	483
179	511
179	515
179	540
179	547
179	551
179	559
179	582
179	609
179	628
179	639
179	670
179	677
179	704
179	734
179	735
179	748
179	752
179	767
179	793
179	804
179	833
179	863
179	882
179	919
179	922
179	928
179	956
179	969
179	991
179	1045
179	1054
179	1057
179	1104
179	1139
179	1176
179	1210
179	1229
179	1293
179	1325
179	1333
179	1337
179	1348
179	1366
179	1407
179	1409
179	1422
179	1423
179	1429
179	1433
179	1434
179	1454
179	1542
179	1568
179	1581
179	1669
179	1693
179	1756
179	1830
179	1854
179	1873
179	1883
179	1904
179	1929
179	1965
179	1981
179	1984
179	1994
179	2010
179	2043
179	2077
179	2101
179	2104
179	2193
179	2220
179	2230
179	2243
179	2277
179	2308
179	2310
179	2325
179	2336
179	2342
179	2365
179	2384
179	2389
179	2454
179	2464
179	2465
179	2467
179	2478
179	2479
179	2498
179	2499
179	2565
179	2648
179	2655
179	2700
179	2713
179	2738
179	2760
179	2869
179	2967
179	2979
179	2989
179	3001
179	3114
179	3124
179	3185
179	3263
179	3471
179	3491
179	3501
179	3524
179	3528
179	3565
179	3576
179	3721
179	3882
179	3940
179	4043
179	167
179	11
179	391
179	428
179	142
179	308
179	1305
179	1480
179	2803
179	675
179	918
179	27
179	794
179	1604
179	222
179	1842
179	340
179	3520
179	406
179	3187
179	266
179	3241
179	669
179	641
179	1947
179	272
179	2563
179	1504
179	2146
179	355
179	660
179	1573
179	2335
179	1279
179	2264
179	668
179	1180
179	712
179	3178
179	437
483	10
483	44
483	60
483	120
483	142
483	146
483	164
483	172
483	253
483	277
483	300
483	345
483	375
483	391
483	392
483	401
483	411
483	457
483	540
483	628
483	637
483	677
483	734
483	794
483	863
483	926
483	1045
483	1117
483	1166
483	1338
483	1345
483	1433
483	1434
483	1446
483	1454
483	1459
483	1601
483	1604
483	1669
483	1679
483	1692
483	1693
483	1830
483	1842
483	1981
483	1984
483	2085
483	2147
483	2277
483	2322
483	2350
483	2365
483	2384
483	2499
483	2565
483	2692
483	2750
483	2989
483	3039
483	3121
483	3200
483	3528
483	3721
483	3726
483	167
483	428
483	308
483	1127
483	841
483	1631
483	825
483	1032
483	704
483	1054
483	2181
483	1815
10	628
10	1459
1459	628
1459	2750
628	11
628	21
628	27
628	37
628	44
628	60
628	62
628	63
628	77
628	83
628	117
628	120
628	137
628	142
628	149
628	150
628	154
628	164
628	167
628	170
628	172
628	175
628	196
628	201
628	206
628	209
628	210
628	212
628	215
628	216
628	225
628	226
628	227
628	230
628	236
628	240
628	248
628	251
628	253
628	258
628	262
628	270
628	272
628	275
628	293
628	294
628	297
628	300
628	308
628	316
628	318
628	319
628	325
628	327
628	333
628	340
628	345
628	349
628	355
628	359
628	360
628	365
628	368
628	369
628	370
628	372
628	374
628	375
628	380
628	384
628	391
628	401
628	406
628	409
628	411
628	412
628	435
628	447
628	450
628	457
628	460
628	479
628	491
628	493
628	498
628	501
628	512
628	529
628	538
628	539
628	540
628	543
628	551
628	566
628	567
628	569
628	578
628	581
628	582
628	583
628	609
628	613
628	619
628	624
628	637
628	639
628	646
628	649
628	665
628	670
628	682
628	694
628	699
628	704
628	713
628	714
628	716
628	722
628	725
628	734
628	735
628	741
628	751
628	752
628	753
628	764
628	772
628	775
628	778
628	790
628	792
628	794
628	821
628	825
628	839
628	840
628	843
628	849
628	856
628	861
628	863
628	867
628	870
628	877
628	881
628	886
628	893
628	902
628	918
628	919
628	924
628	934
628	945
628	951
628	964
628	967
628	969
628	974
628	987
628	995
628	997
628	1019
628	1020
628	1021
628	1022
628	1026
628	1032
628	1033
628	1041
628	1043
628	1045
628	1047
628	1054
628	1057
628	1068
628	1073
628	1077
628	1087
628	1089
628	1091
628	1092
628	1098
628	1104
628	1117
628	1134
628	1138
628	1142
628	1162
628	1166
628	1171
628	1183
628	1191
628	1193
628	1204
628	1209
628	1216
628	1220
628	1223
628	1231
628	1242
628	1246
628	1263
628	1272
628	1305
628	1309
628	1311
628	1314
628	1316
628	1319
628	1328
628	1330
628	1333
628	1335
628	1337
628	1338
628	1339
628	1345
628	1371
628	1374
628	1386
628	1399
628	1407
628	1409
628	1419
628	1421
628	1426
628	1433
628	1434
628	1451
628	1453
628	1454
628	1457
628	1461
628	1471
628	1473
628	1484
628	1487
628	1499
628	1507
628	1513
628	1532
628	1533
628	1554
628	1562
628	1568
628	1572
628	1573
628	1575
628	1581
628	1582
628	1601
628	1604
628	1611
628	1626
628	1631
628	1633
628	1637
628	1640
628	1643
628	1659
628	1666
628	1668
628	1673
628	1679
628	1682
628	1685
628	1689
628	1692
628	1693
628	1701
628	1703
628	1726
628	1733
628	1740
628	1743
628	1752
628	1763
628	1787
628	1808
628	1819
628	1826
628	1827
628	1829
628	1830
628	1842
628	1844
628	1847
628	1848
628	1854
628	1861
628	1870
628	1883
628	1889
628	1903
628	1904
628	1929
628	1930
628	1936
628	1945
628	1979
628	1984
628	1990
628	1996
628	1997
628	2010
628	2023
628	2026
628	2027
628	2029
628	2030
628	2052
628	2082
628	2085
628	2086
628	2111
628	2120
628	2147
628	2150
628	2152
628	2169
628	2197
628	2204
628	2210
628	2228
628	2230
628	2241
628	2242
628	2263
628	2296
628	2303
628	2306
628	2308
628	2310
628	2317
628	2322
628	2323
628	2325
628	2332
628	2335
628	2338
628	2350
628	2358
628	2359
628	2365
628	2380
628	2384
628	2428
628	2445
628	2454
628	2457
628	2458
628	2461
628	2464
628	2479
628	2481
628	2499
628	2502
628	2503
628	2517
628	2537
628	2538
628	2540
628	2544
628	2565
628	2566
628	2578
628	2591
628	2598
628	2599
628	2605
628	2614
628	2620
628	2629
628	2649
628	2655
628	2657
628	2673
628	2683
628	2684
628	2692
628	2704
628	2705
628	2708
628	2715
628	2726
628	2731
628	2760
628	2776
628	2798
628	2813
628	2822
628	2842
628	2865
628	2869
628	2894
628	2907
628	2922
628	2928
628	2949
628	2989
628	2991
628	2997
628	2999
628	3002
628	3010
628	3014
628	3041
628	3049
628	3053
628	3054
628	3057
628	3121
628	3122
628	3177
628	3185
628	3209
628	3210
628	3223
628	3233
628	3247
628	3261
628	3269
628	3286
628	3290
628	3342
628	3344
628	3348
628	3407
628	3409
628	3420
628	3445
628	3472
628	3480
628	3491
628	3502
628	3503
628	3520
628	3524
628	3528
628	3536
628	3543
628	3564
628	3600
628	3663
628	3681
628	3721
628	3726
628	3856
628	3940
628	3943
628	3962
628	3980
628	4060
628	428
628	487
628	677
628	72
628	2422
628	1480
628	534
628	675
628	40
628	306
628	495
628	19
628	264
628	602
628	1705
628	222
628	461
628	74
628	826
628	221
628	3363
628	617
628	2140
628	1735
628	1146
628	2429
628	459
628	2279
628	100
628	798
628	183
628	550
628	2868
628	1589
628	660
628	712
628	437
628	832
628	118
628	1090
628	1910
628	2833
628	1012
628	207
628	219
628	1745
628	793
628	245
628	2094
628	2129
628	78
628	257
628	1603
628	398
628	2526
628	3725
628	434
628	499
628	913
628	3692
628	622
628	2680
628	2529
628	282
628	3740
628	3941
628	399
628	1276
628	1993
628	604
628	3034
628	2495
628	1907
628	1912
628	739
628	925
628	2947
628	1586
628	4029
628	387
628	3248
628	1221
628	2965
628	1233
628	1268
628	2724
628	1326
628	2689
628	61
628	3603
628	1437
628	3113
628	977
628	1438
628	1822
628	999
628	3664
628	3167
628	2809
628	503
628	2727
628	3560
628	3221
628	2931
628	3924
628	1556
628	1364
628	3136
628	2345
628	2553
628	1478
628	2874
628	866
628	2311
628	2556
628	770
628	3964
628	1967
628	2463
628	2183
628	1536
628	2374
628	1832
628	1885
628	66
628	2567
628	4062
628	3205
628	1359
628	1995
628	1597
628	347
628	13
628	2807
628	2819
628	2131
628	3696
628	3490
628	1455
628	1224
628	729
628	385
628	2237
628	2103
628	630
628	313
628	2189
628	3401
628	787
628	2307
628	1510
628	259
628	2302
628	1687
628	546
628	1029
628	191
628	2710
167	11
167	142
167	164
167	275
167	308
167	319
167	345
167	380
167	391
167	428
167	471
167	487
167	670
167	1041
167	1054
167	1333
167	1337
167	1339
167	1604
167	1668
167	1673
167	1904
167	2085
167	2499
167	2776
167	2989
167	401
167	1679
167	1045
167	2230
167	1480
167	150
167	675
167	253
167	375
167	206
167	2308
167	236
167	3342
167	644
167	903
167	2868
11	294
11	308
11	380
11	391
11	401
11	435
11	670
11	1204
11	1305
11	1337
11	1679
11	1830
11	1984
11	1990
11	2324
11	2714
11	3185
11	3940
11	2989
11	365
11	428
11	1104
11	142
11	487
11	1045
11	677
11	72
391	113
391	142
391	240
391	253
391	255
391	274
391	294
391	308
391	319
391	355
391	368
391	380
391	401
391	406
391	428
391	484
391	487
391	540
391	669
391	670
391	881
391	886
391	918
391	1020
391	1021
391	1041
391	1045
391	1054
391	1073
391	1077
391	1215
391	1307
391	1333
391	1337
391	1339
391	1572
391	1668
391	1673
391	1679
391	1830
391	1842
391	1904
391	1984
391	2230
391	2481
391	2499
391	2605
391	2671
391	2704
391	2776
391	2989
391	3342
391	365
391	1104
391	677
391	1305
391	1480
391	734
391	1434
391	675
391	375
391	2332
391	236
391	772
391	1603
391	2659
2989	20
2989	27
2989	40
2989	44
2989	60
2989	142
2989	146
2989	150
2989	172
2989	187
2989	236
2989	238
2989	240
2989	253
2989	264
2989	275
2989	293
2989	294
2989	300
2989	306
2989	308
2989	319
2989	345
2989	359
2989	369
2989	375
2989	380
2989	384
2989	392
2989	401
2989	406
2989	409
2989	411
2989	428
2989	435
2989	457
2989	471
2989	512
2989	529
2989	530
2989	534
2989	540
2989	558
2989	609
2989	637
2989	657
2989	665
2989	670
2989	696
2989	699
2989	734
2989	741
2989	772
2989	793
2989	794
2989	825
2989	863
2989	886
2989	918
2989	919
2989	924
2989	928
2989	969
2989	1019
2989	1041
2989	1045
2989	1073
2989	1077
2989	1117
2989	1136
2989	1162
2989	1163
2989	1193
2989	1204
2989	1206
2989	1215
2989	1284
2989	1303
2989	1307
2989	1309
2989	1333
2989	1337
2989	1339
2989	1353
2989	1371
2989	1407
2989	1422
2989	1433
2989	1434
2989	1444
2989	1453
2989	1454
2989	1471
2989	1475
2989	1514
2989	1523
2989	1562
2989	1568
2989	1572
2989	1581
2989	1582
2989	1604
2989	1626
2989	1631
2989	1639
2989	1668
2989	1669
2989	1679
2989	1693
2989	1701
2989	1735
2989	1830
2989	1842
2989	1847
2989	1861
2989	1904
2989	1962
2989	1981
2989	1984
2989	1990
2989	2030
2989	2107
2989	2109
2989	2230
2989	2277
2989	2310
2989	2317
2989	2322
2989	2325
2989	2350
2989	2365
2989	2457
2989	2481
2989	2499
2989	2565
2989	2605
2989	2655
2989	2704
2989	2720
2989	2780
2989	2803
2989	2860
2989	2948
2989	2974
2989	3039
2989	3077
2989	3171
2989	3407
2989	3505
2989	3524
2989	3528
2989	3576
2989	3623
2989	3668
2989	3721
2989	3726
2989	3923
2989	365
2989	1104
2989	2422
2989	215
2989	1480
2989	964
2989	484
2989	675
2989	2332
2989	222
2989	826
2989	3363
2989	704
2989	206
2989	1601
2989	3520
2989	2308
2989	1098
2989	2760
2989	2875
2989	2411
2989	2744
2989	331
2989	3264
2989	598
2989	1199
2989	2181
2989	2131
2989	475
2989	2011
365	251
365	308
365	380
365	401
365	551
365	670
365	783
365	1045
365	1054
365	1104
365	1333
365	1545
365	1572
365	1830
365	1984
365	2010
365	2296
365	2308
365	2454
365	2704
365	2756
365	3451
365	253
365	2275
380	17
380	113
380	116
380	251
380	260
380	276
380	294
380	308
380	319
380	345
380	383
380	406
380	419
380	435
380	551
380	582
380	670
380	677
380	694
380	724
380	735
380	767
380	773
380	919
380	922
380	928
380	930
380	945
380	956
380	969
380	1021
380	1057
380	1077
380	1104
380	1120
380	1176
380	1180
380	1264
380	1333
380	1337
380	1361
380	1409
380	1514
380	1545
380	1568
380	1768
380	1830
380	1854
380	1883
380	1947
380	1984
380	2010
380	2043
380	2220
380	2243
380	2277
380	2308
380	2310
380	2365
380	2454
380	2464
380	2479
380	2481
380	2692
380	2738
380	2979
380	3185
380	3501
380	3503
380	3926
380	3940
380	4006
380	4043
380	401
380	142
380	1045
380	215
380	1533
380	734
380	2704
380	253
380	375
380	1604
380	1054
380	1555
380	1074
380	1904
380	236
380	1004
380	982
401	20
401	40
401	44
401	142
401	150
401	172
401	227
401	240
401	251
401	253
401	255
401	264
401	270
401	274
401	275
401	292
401	308
401	318
401	319
401	333
401	345
401	355
401	359
401	368
401	369
401	375
401	384
401	398
401	406
401	409
401	411
401	412
401	425
401	428
401	457
401	471
401	479
401	488
401	512
401	530
401	540
401	551
401	558
401	609
401	665
401	670
401	677
401	734
401	772
401	789
401	831
401	849
401	867
401	886
401	902
401	918
401	969
401	997
401	1019
401	1020
401	1022
401	1045
401	1046
401	1077
401	1104
401	1117
401	1206
401	1216
401	1284
401	1299
401	1309
401	1333
401	1337
401	1338
401	1345
401	1399
401	1423
401	1434
401	1451
401	1454
401	1471
401	1475
401	1533
401	1568
401	1582
401	1631
401	1668
401	1673
401	1679
401	1693
401	1701
401	1733
401	1735
401	1830
401	1870
401	1889
401	1904
401	1929
401	1981
401	1984
401	2030
401	2052
401	2228
401	2230
401	2241
401	2242
401	2277
401	2296
401	2317
401	2335
401	2365
401	2384
401	2454
401	2457
401	2481
401	2499
401	2526
401	2565
401	2599
401	2605
401	2648
401	2704
401	2720
401	2813
401	3121
401	3185
401	3247
401	3491
401	3505
401	3520
401	3528
401	3577
401	3668
401	3721
401	3940
401	487
401	72
401	1480
401	841
401	675
401	825
401	495
401	2428
401	1692
401	1572
401	704
401	1457
401	843
401	100
401	236
401	832
401	118
401	1745
401	2620
401	764
401	39
401	3223
401	844
401	2517
401	3725
428	142
428	238
428	253
428	308
428	368
428	487
428	608
428	669
428	670
428	675
428	677
428	734
428	772
428	863
428	928
428	1215
428	1337
428	1434
428	1475
428	1480
428	1568
428	1640
428	1679
428	1842
428	1904
428	1981
428	2230
428	2277
428	2499
428	2720
428	2827
428	2997
1104	150
1104	251
1104	308
1104	412
1104	551
1104	670
1104	783
1104	787
1104	839
1104	867
1104	1045
1104	1054
1104	1077
1104	1204
1104	1314
1104	1333
1104	1533
1104	1545
1104	1572
1104	1830
1104	1930
1104	1984
1104	1990
1104	2010
1104	2296
1104	2308
1104	2454
1104	2481
1104	2680
1104	2704
1104	3451
1104	1457
1104	1043
1104	216
142	44
142	172
142	240
142	253
142	275
142	306
142	308
142	311
142	319
142	345
142	384
142	411
142	457
142	471
142	484
142	529
142	530
142	540
142	573
142	605
142	637
142	665
142	670
142	699
142	705
142	793
142	825
142	896
142	918
142	1045
142	1046
142	1101
142	1212
142	1333
142	1337
142	1339
142	1399
142	1444
142	1454
142	1493
142	1562
142	1572
142	1584
142	1631
142	1639
142	1693
142	1743
142	1830
142	1904
142	1942
142	1981
142	1984
142	2030
142	2072
142	2109
142	2167
142	2197
142	2230
142	2277
142	2310
142	2317
142	2322
142	2350
142	2464
142	2481
142	2499
142	2537
142	2605
142	2705
142	2776
142	2780
142	2803
142	2869
142	2974
142	3172
142	3201
142	3577
142	3721
142	3726
142	3923
142	3940
142	3983
142	1679
142	841
142	534
142	375
142	27
142	794
142	1604
142	211
142	1701
142	704
142	1744
142	1284
142	236
142	2875
142	798
142	609
142	3342
142	192
142	232
487	368
487	677
487	1679
487	2499
487	2565
487	3528
487	1054
487	1603
1679	172
1679	236
1679	264
1679	308
1679	319
1679	409
1679	425
1679	457
1679	677
1679	918
1679	1045
1679	1117
1679	1337
1679	1434
1679	1475
1679	1568
1679	1668
1679	1673
1679	1830
1679	1904
1679	1981
1679	1984
1679	2230
1679	2704
1679	2720
1679	3342
1679	4067
1679	1480
1679	734
1679	675
1679	253
1679	886
1679	355
1679	1436
1045	44
1045	111
1045	137
1045	150
1045	172
1045	187
1045	206
1045	238
1045	248
1045	253
1045	270
1045	275
1045	308
1045	319
1045	327
1045	331
1045	340
1045	345
1045	359
1045	368
1045	375
1045	384
1045	406
1045	411
1045	457
1045	471
1045	529
1045	534
1045	540
1045	637
1045	665
1045	670
1045	699
1045	734
1045	772
1045	825
1045	852
1045	863
1045	867
1045	886
1045	896
1045	918
1045	928
1045	1009
1045	1041
1045	1077
1045	1163
1045	1284
1045	1333
1045	1337
1045	1353
1045	1399
1045	1434
1045	1444
1045	1450
1045	1454
1045	1471
1045	1475
1045	1562
1045	1568
1045	1572
1045	1626
1045	1631
1045	1668
1045	1673
1045	1693
1045	1701
1045	1830
1045	1904
1045	1981
1045	1984
1045	2030
1045	2223
1045	2228
1045	2230
1045	2277
1045	2317
1045	2322
1045	2343
1045	2371
1045	2457
1045	2481
1045	2499
1045	2573
1045	2704
1045	2720
1045	2744
1045	2803
1045	2875
1045	3721
1045	3740
1045	1305
1045	2422
1045	841
1045	40
1045	1345
1045	355
1045	1733
1045	2052
1045	409
1045	789
1045	2954
1045	3171
677	54
677	274
677	368
677	553
677	670
677	694
677	717
677	1204
677	1353
677	1811
677	1990
677	2117
677	2454
677	2499
677	2573
677	2798
677	3185
677	3491
677	3940
677	1117
677	1127
677	187
677	2875
677	1417
677	669
308	83
308	150
308	164
308	251
308	255
308	274
308	275
308	319
308	368
308	471
308	484
308	530
308	540
308	551
308	615
308	637
308	670
308	704
308	734
308	1041
308	1215
308	1223
308	1314
308	1333
308	1335
308	1339
308	1454
308	1545
308	1572
308	1604
308	1668
308	1743
308	1830
308	1984
308	2030
308	2085
308	2277
308	2296
308	2308
308	2322
308	2325
308	2454
308	2499
308	2573
308	2629
308	2655
308	2704
308	2705
308	1533
308	825
308	253
308	375
308	1337
308	1054
308	1904
308	236
308	579
308	2275
308	3299
72	368
72	1186
72	1629
72	2170
72	2230
72	2384
72	2499
72	3903
1305	340
1305	2196
2422	44
2422	211
2422	253
2422	375
2422	699
2422	896
2422	1101
2422	1212
2422	1454
2422	1493
2422	1562
2422	1631
2422	1639
2422	1693
2422	1744
2422	1962
2422	2109
2422	2371
2422	2780
2422	2803
2422	3721
2422	411
2422	306
2230	60
2230	164
2230	253
2230	300
2230	540
2230	734
2230	863
2230	886
2230	1204
2230	1337
2230	1433
2230	1434
2230	1454
2230	1640
2230	1693
2230	1830
2230	1981
2230	1984
2230	1990
2230	2085
2230	2277
2230	2310
2230	2325
2230	2384
2230	2648
2230	2655
2230	2997
2230	3342
2230	375
2230	78
1800	2189
3539	540
3539	670
3539	1981
3539	2277
215	201
215	1333
215	1337
215	1507
215	1830
215	1984
215	2308
215	2323
215	2410
215	2471
215	3379
215	253
2499	345
2499	540
2499	965
2499	1032
2499	1054
2499	1073
2499	1215
2499	1333
2499	1337
2499	1604
2499	1693
2499	1842
2499	2310
2499	2565
2499	2776
2499	3528
2499	1454
2499	253
2499	1981
2499	375
2499	2332
2499	1904
2499	236
2499	669
2499	3856
1333	164
1333	201
1333	238
1333	319
1333	406
1333	551
1333	635
1333	675
1333	734
1333	825
1333	852
1333	881
1333	924
1333	991
1333	1004
1333	1020
1333	1032
1333	1041
1333	1054
1333	1072
1333	1077
1333	1086
1333	1303
1333	1337
1333	1399
1333	1417
1333	1446
1333	1454
1333	1507
1333	1572
1333	1604
1333	1631
1333	1668
1333	1757
1333	1830
1333	1847
1333	1861
1333	1984
1333	2085
1333	2197
1333	2308
1333	2317
1333	2481
1333	2573
1333	2605
1333	2704
1333	2827
1333	3200
1333	3856
1333	1533
1333	484
1333	253
1333	375
1333	1021
1333	1705
1333	722
1333	1312
1333	186
1333	113
1333	389
1333	1074
1333	1904
1333	236
1333	3342
1333	2310
1333	2275
1333	1603
1333	2306
1333	2131
1333	1620
1333	3162
1533	149
1533	150
1533	183
1533	292
1533	1314
1533	1830
1533	1984
1533	3293
1117	56
1117	83
1117	172
1117	187
1117	238
1117	274
1117	275
1117	276
1117	379
1117	397
1117	453
1117	647
1117	669
1117	675
1117	709
1117	717
1117	761
1117	780
1117	852
1117	894
1117	928
1117	991
1117	1004
1117	1085
1117	1163
1117	1169
1117	1183
1117	1185
1117	1296
1117	1353
1117	1412
1117	1417
1117	1446
1117	1465
1117	1480
1117	1532
1117	1551
1117	1555
1117	1596
1117	1678
1117	1746
1117	1750
1117	1760
1117	1768
1117	1790
1117	1811
1117	1968
1117	2144
1117	2573
1117	2614
1117	2640
1117	2722
1117	2729
1117	2748
1117	2827
1117	2919
1117	2977
1117	3297
1117	3341
1117	3436
1117	27
1117	788
1117	1605
1117	1021
1117	1072
1117	612
1117	158
1117	3383
1117	389
1117	832
1117	118
1117	1843
1117	2067
741	1668
1444	44
1444	60
1444	253
1444	300
1444	306
1444	375
1444	411
1444	530
1444	540
1444	665
1444	699
1444	825
1444	896
1444	1101
1444	1212
1444	1454
1444	1493
1444	1562
1444	1631
1444	1639
1444	1701
1444	1744
1444	1962
1444	2030
1444	2109
1444	2371
1444	2780
1444	2803
1444	3721
1444	841
1444	98
1480	27
1480	83
1480	113
1480	186
1480	187
1480	213
1480	217
1480	238
1480	253
1480	274
1480	276
1480	336
1480	358
1480	366
1480	375
1480	410
1480	423
1480	425
1480	439
1480	446
1480	517
1480	520
1480	528
1480	542
1480	669
1480	670
1480	675
1480	717
1480	734
1480	749
1480	756
1480	761
1480	772
1480	780
1480	788
1480	852
1480	863
1480	881
1480	886
1480	891
1480	902
1480	918
1480	928
1480	945
1480	991
1480	1004
1480	1021
1480	1035
1480	1072
1480	1074
1480	1075
1480	1095
1480	1108
1480	1163
1480	1175
1480	1226
1480	1281
1480	1300
1480	1308
1480	1312
1480	1337
1480	1353
1480	1355
1480	1383
1480	1389
1480	1417
1480	1434
1480	1446
1480	1475
1480	1490
1480	1503
1480	1505
1480	1524
1480	1568
1480	1588
1480	1605
1480	1668
1480	1713
1480	1754
1480	1760
1480	1768
1480	1811
1480	1878
1480	1904
1480	1958
1480	1981
1480	1985
1480	1990
1480	2009
1480	2044
1480	2073
1480	2076
1480	2226
1480	2248
1480	2256
1480	2277
1480	2285
1480	2289
1480	2312
1480	2320
1480	2326
1480	2450
1480	2573
1480	2576
1480	2580
1480	2584
1480	2595
1480	2616
1480	2639
1480	2652
1480	2658
1480	2666
1480	2692
1480	2703
1480	2720
1480	2721
1480	2729
1480	2748
1480	2769
1480	2771
1480	2814
1480	2827
1480	2852
1480	2863
1480	2888
1480	2902
1480	3185
1480	3213
1480	3238
1480	3609
1480	3610
1480	3940
1480	4004
1480	1169
1480	406
1480	59
1480	158
1480	3383
1480	929
1480	1589
1480	3082
1480	832
1480	835
1480	118
1480	1910
1480	2687
1480	3270
1480	304
1480	3725
1480	499
1480	1921
1480	162
1480	913
1480	1249
1480	3190
1480	2158
1480	3692
1480	2180
1480	482
1480	732
1480	1349
1480	2437
1480	510
1480	718
1480	663
1480	908
1480	2885
1480	2440
1480	171
1480	2007
1480	2920
1480	3196
1480	2480
1480	4065
1480	1561
1480	1896
1480	1796
1480	250
1480	985
1480	2930
1480	3492
1480	76
1480	1236
1480	3204
1480	2106
1480	2
1480	3461
1480	3728
1480	2390
1480	3507
1127	975
2030	44
2030	240
2030	319
2030	345
2030	384
2030	411
2030	457
2030	529
2030	530
2030	540
2030	609
2030	665
2030	699
2030	1036
2030	1073
2030	1077
2030	1284
2030	1399
2030	1454
2030	1493
2030	1562
2030	1693
2030	1701
2030	1744
2030	1962
2030	2109
2030	2317
2030	2350
2030	2371
2030	2481
2030	2605
2030	2780
2030	2803
2030	3721
2030	3726
2030	1631
2030	375
2030	27
2030	794
2030	2332
2030	704
2030	192
2030	2310
2030	1475
2030	1387
734	253
734	274
734	327
734	409
734	540
734	635
734	670
734	704
734	780
734	863
734	1077
734	1204
734	1433
734	1434
734	1436
734	1558
734	1693
734	1757
734	1811
734	1830
734	1981
734	1984
734	1990
734	2277
734	2310
734	2316
734	2365
734	2481
734	2704
734	2729
734	3940
734	675
734	1454
734	375
734	1572
734	1904
734	236
734	3342
734	355
734	1745
734	2052
2803	44
2803	137
2803	253
2803	275
2803	306
2803	327
2803	345
2803	359
2803	384
2803	390
2803	411
2803	457
2803	471
2803	529
2803	534
2803	540
2803	633
2803	665
2803	699
2803	825
2803	841
2803	1101
2803	1212
2803	1284
2803	1387
2803	1399
2803	1454
2803	1493
2803	1562
2803	1693
2803	1701
2803	1744
2803	1863
2803	1962
2803	2109
2803	2317
2803	2371
2803	2457
2803	2780
2803	2974
2803	3083
2803	3091
2803	3295
2803	3721
2803	3730
2803	3923
2803	40
2803	1639
2803	1584
150	174
150	370
150	392
150	1204
150	1314
150	1337
150	1748
150	1830
150	1984
150	1990
150	2687
150	2776
150	3247
150	375
150	1904
150	236
150	2509
150	644
150	2411
1434	137
1434	236
1434	292
1434	327
1434	453
1434	540
1434	704
1434	863
1434	1186
1434	1313
1434	1399
1434	1407
1434	1417
1434	1433
1434	1446
1434	1454
1434	1475
1434	1669
1434	1693
1434	1953
1434	1981
1434	2244
1434	2277
1434	2324
1434	2365
1434	2384
1434	2565
1434	2648
1434	2714
1434	3077
1434	3200
1434	3528
1434	3940
1434	675
1434	375
841	40
841	44
841	253
841	375
841	457
841	665
841	699
841	825
841	1101
841	1212
841	1284
841	1454
841	1493
841	1562
841	1631
841	1639
841	1693
841	1744
841	1962
841	2109
841	2221
841	2371
841	2780
841	3407
841	3721
841	896
1631	40
1631	44
1631	60
1631	164
1631	211
1631	240
1631	253
1631	275
1631	300
1631	306
1631	345
1631	359
1631	375
1631	411
1631	457
1631	471
1631	530
1631	534
1631	540
1631	665
1631	799
1631	825
1631	826
1631	1077
1631	1097
1631	1204
1631	1345
1631	1399
1631	1450
1631	1454
1631	1461
1631	1562
1631	1693
1631	1701
1631	1744
1631	1990
1631	2085
1631	2107
1631	2109
1631	2110
1631	2317
1631	2322
1631	2343
1631	2363
1631	2457
1631	2481
1631	2565
1631	2605
1631	2948
1631	3030
1631	3528
1631	3721
1631	2277
1631	384
1631	319
1631	1284
1631	1212
1631	236
484	1041
484	2704
484	540
484	1572
534	44
534	253
534	411
534	665
534	699
534	970
534	1101
534	1212
534	1454
534	1493
534	1562
534	1639
534	1701
534	1744
534	1962
534	2109
534	2371
534	2780
534	3410
534	3721
2704	255
2704	274
2704	368
2704	375
2704	409
2704	783
2704	1041
2704	1054
2704	1399
2704	1581
2704	1830
2704	1984
2704	2308
2704	2317
2704	2776
2704	2907
2704	3451
2704	3524
2704	3976
2704	1904
2704	236
2704	579
2704	3299
2704	3293
411	20
411	40
411	44
411	60
411	172
411	211
411	253
411	275
411	300
411	306
411	345
411	375
411	471
411	540
411	580
411	665
411	699
411	825
411	887
411	896
411	910
411	1101
411	1206
411	1212
411	1284
411	1345
411	1454
411	1471
411	1493
411	1562
411	1626
411	1639
411	1693
411	1701
411	1744
411	1830
411	1962
411	1984
411	2109
411	2317
411	2371
411	2780
411	3721
411	3841
411	240
675	83
675	128
675	166
675	187
675	217
675	229
675	238
675	253
675	274
675	336
675	375
675	425
675	520
675	669
675	670
675	732
675	761
675	772
675	780
675	852
675	863
675	886
675	891
675	918
675	928
675	929
675	945
675	1004
675	1035
675	1072
675	1074
675	1100
675	1163
675	1226
675	1337
675	1349
675	1353
675	1417
675	1475
675	1568
675	1588
675	1713
675	1754
675	1760
675	1811
675	1878
675	1904
675	1981
675	2076
675	2205
675	2226
675	2248
675	2256
675	2277
675	2320
675	2349
675	2518
675	2573
675	2720
675	2729
675	2748
675	2814
675	2827
675	2863
675	2902
675	2922
675	3056
675	3085
675	3185
675	3213
675	3439
675	3609
675	3940
675	3971
675	1021
675	158
675	446
675	358
675	405
675	2977
675	3175
675	749
675	3238
675	1958
675	3449
675	2639
675	562
1454	20
1454	40
1454	44
1454	45
1454	60
1454	69
1454	146
1454	164
1454	211
1454	228
1454	240
1454	253
1454	277
1454	300
1454	345
1454	359
1454	375
1454	378
1454	384
1454	529
1454	530
1454	540
1454	573
1454	580
1454	605
1454	699
1454	704
1454	722
1454	825
1454	863
1454	896
1454	910
1454	918
1454	1073
1454	1097
1454	1101
1454	1140
1454	1164
1454	1206
1454	1212
1454	1231
1454	1284
1454	1303
1454	1391
1454	1404
1454	1407
1454	1433
1454	1450
1454	1471
1454	1475
1454	1493
1454	1499
1454	1523
1454	1562
1454	1572
1454	1626
1454	1639
1454	1669
1454	1693
1454	1743
1454	1744
1454	1830
1454	1904
1454	1953
1454	1962
1454	1981
1454	1984
1454	1994
1454	2085
1454	2086
1454	2109
1454	2167
1454	2277
1454	2310
1454	2317
1454	2332
1454	2343
1454	2350
1454	2457
1454	2485
1454	2565
1454	2605
1454	2648
1454	2664
1454	2705
1454	2780
1454	2974
1454	3039
1454	3044
1454	3077
1454	3493
1454	3525
1454	3528
1454	3575
1454	3721
1454	3726
1454	3860
1454	3923
1454	3983
1454	306
1454	2772
1454	2371
1454	1701
1454	1996
1454	457
1454	705
1454	2833
1454	795
1454	1223
1454	3140
1454	1387
1454	3845
1454	857
1454	1569
1454	400
1454	2866
1454	194
1454	3800
1454	2787
1454	1782
1454	1201
1454	3206
1454	2564
1454	1187
1454	3393
1454	1492
1454	2988
1454	1051
1454	2879
1454	779
1454	1295
1454	514
1454	1256
1454	12
1454	2025
1454	440
1454	1040
1454	3364
1454	1933
1454	2013
863	44
863	146
863	253
863	300
863	540
863	1399
863	1433
863	1669
863	1693
863	1981
863	2277
863	3491
863	3721
863	704
863	319
40	44
40	211
40	253
40	699
40	1101
40	1212
40	1562
40	1639
40	1693
40	1701
40	1744
40	1962
40	2109
40	2371
40	3721
306	44
306	253
306	375
306	699
306	825
306	896
306	1101
306	1212
306	1493
306	1562
306	1639
306	1693
306	1701
306	1744
306	1962
306	2109
306	2371
306	2780
306	3721
825	44
825	211
825	253
825	319
825	345
825	540
825	699
825	896
825	1101
825	1212
825	1284
825	1493
825	1562
825	1572
825	1639
825	1693
825	1701
825	1744
825	1962
825	2109
825	2221
825	2371
825	2605
825	2780
825	3407
825	3721
918	137
918	236
918	240
918	327
918	520
918	669
918	670
918	704
918	1204
918	1304
918	1422
918	1433
918	1990
918	2277
918	2325
918	2384
918	2605
918	2655
918	2814
918	3576
918	375
918	540
918	1568
1693	44
1693	137
1693	163
1693	172
1693	253
1693	275
1693	277
1693	327
1693	345
1693	359
1693	375
1693	384
1693	392
1693	471
1693	529
1693	530
1693	540
1693	550
1693	559
1693	564
1693	637
1693	699
1693	704
1693	882
1693	969
1693	1019
1693	1046
1693	1284
1693	1303
1693	1309
1693	1338
1693	1345
1693	1366
1693	1399
1693	1407
1693	1433
1693	1451
1693	1453
1693	1493
1693	1523
1693	1562
1693	1581
1693	1639
1693	1669
1693	1673
1693	1701
1693	1830
1693	1962
1693	1981
1693	1984
1693	2109
1693	2277
1693	2317
1693	2322
1693	2343
1693	2365
1693	2457
1693	2605
1693	2798
1693	2813
1693	2878
1693	2974
1693	3121
1693	3407
1693	3471
1693	3491
1693	3524
1693	3577
1693	3721
1693	3882
1693	3923
1693	240
1693	2674
1693	1054
1693	319
1693	896
1693	1904
1693	3342
1693	598
1693	926
253	36
253	44
253	70
253	71
253	137
253	164
253	172
253	188
253	196
253	225
253	236
253	239
253	240
253	251
253	257
253	293
253	327
253	345
253	359
253	374
253	375
253	450
253	459
253	501
253	540
253	550
253	584
253	609
253	639
253	657
253	665
253	670
253	680
253	693
253	699
253	713
253	753
253	758
253	776
253	804
253	811
253	819
253	826
253	833
253	845
253	886
253	905
253	969
253	991
253	1012
253	1043
253	1071
253	1077
253	1101
253	1140
253	1162
253	1204
253	1222
253	1230
253	1249
253	1279
253	1291
253	1293
253	1337
253	1356
253	1371
253	1379
253	1399
253	1426
253	1429
253	1433
253	1442
253	1453
253	1461
253	1471
253	1475
253	1477
253	1490
253	1502
253	1532
253	1554
253	1562
253	1567
253	1589
253	1617
253	1637
253	1640
253	1669
253	1674
253	1682
253	1683
253	1707
253	1724
253	1784
253	1794
253	1830
253	1836
253	1873
253	1892
253	1906
253	1929
253	1936
253	1941
253	1946
253	1953
253	1965
253	1970
253	1981
253	1984
253	1990
253	2085
253	2094
253	2107
253	2109
253	2129
253	2153
253	2188
253	2249
253	2264
253	2277
253	2291
253	2317
253	2323
253	2324
253	2350
253	2365
253	2381
253	2384
253	2426
253	2427
253	2454
253	2457
253	2475
253	2481
253	2485
253	2498
253	2537
253	2565
253	2605
253	2641
253	2647
253	2648
253	2700
253	2714
253	2760
253	2776
253	2798
253	2843
253	2861
253	2869
253	2878
253	2907
253	2925
253	2948
253	2997
253	3010
253	3077
253	3114
253	3185
253	3241
253	3342
253	3345
253	3407
253	3447
253	3491
253	3520
253	3528
253	3548
253	3604
253	3623
253	3625
253	3721
253	3940
253	4002
253	222
253	2140
253	457
253	1212
253	2075
253	3471
253	3682
253	1092
253	203
253	4005
253	184
253	267
253	190
253	1807
253	2597
253	78
253	2825
253	1570
253	2578
240	172
240	319
240	345
240	359
240	530
240	609
240	793
240	1399
240	1562
240	2317
240	2457
240	2605
240	3623
240	375
240	540
1981	146
1981	164
1981	275
1981	277
1981	300
1981	327
1981	471
1981	530
1981	540
1981	637
1981	670
1981	704
1981	1204
1981	1433
1981	1990
1981	2085
1981	2277
1981	2322
1981	2325
1981	2343
1981	2365
1981	2384
1981	2655
1981	3077
1981	3940
1981	375
1981	1004
2277	137
2277	277
2277	327
2277	540
2277	670
2277	704
2277	1204
2277	1407
2277	1433
2277	1475
2277	1990
2277	2365
2277	2648
2277	3528
2277	3721
2277	319
2277	2310
375	44
375	172
375	270
375	319
375	345
375	359
375	368
375	384
375	406
375	409
375	425
375	457
375	540
375	609
375	637
375	670
375	762
375	772
375	867
375	895
375	1020
375	1122
375	1337
375	1338
375	1345
375	1399
375	1423
375	1471
375	1475
375	1562
375	1568
375	1581
375	1668
375	1673
375	1904
375	2317
375	2322
375	2384
375	2457
375	2565
375	2605
375	2648
375	2720
375	2760
375	2782
375	3121
375	3491
375	3520
375	3524
375	3528
375	3721
375	1171
375	704
375	412
540	44
540	137
540	264
540	277
540	288
540	327
540	345
540	384
540	386
540	529
540	530
540	558
540	637
540	670
540	698
540	704
540	789
540	793
540	1046
540	1073
540	1077
540	1101
540	1204
540	1284
540	1307
540	1337
540	1399
540	1433
540	1471
540	1475
540	1493
540	1562
540	1572
540	1604
540	1669
540	1953
540	1954
540	1962
540	1990
540	2109
540	2317
540	2322
540	2332
540	2365
540	2371
540	2481
540	2565
540	2605
540	2648
540	2720
540	2869
540	2974
540	3060
540	3077
540	3282
540	3488
540	3491
540	3528
540	3668
540	3721
540	3923
540	2772
540	699
540	1701
540	2780
540	319
540	457
540	1744
540	2310
540	1387
1169	16
1169	274
1169	336
1169	761
1169	1296
1169	1490
1169	1811
1169	1861
1169	2061
1169	2640
1169	2799
1169	2919
1169	3602
1169	2332
1169	83
1169	158
16	1163
16	1760
1163	187
1163	238
1163	274
1163	520
1163	669
1163	780
1163	852
1163	1072
1163	1353
1163	1417
1163	1760
1163	1811
1163	2573
1163	2729
1163	2814
1163	2827
1163	3667
1163	158
1163	1004
1163	829
1163	1512
1163	3062
930	17
930	48
930	383
930	406
930	464
930	773
930	892
930	1021
930	1074
930	1361
930	1583
930	1738
930	2470
930	3495
930	3780
930	4006
930	1367
930	389
930	1624
2674	18
2674	692
2674	1141
2674	1472
2674	1652
2674	2565
2674	2946
2674	3253
2674	3528
2674	3580
495	19
495	80
495	1204
495	1990
19	80
19	3522
2428	21
2428	1685
21	1685
238	26
238	274
238	276
238	336
238	560
238	612
238	669
238	670
238	761
238	780
238	852
238	933
238	945
238	991
238	1004
238	1021
238	1095
238	1417
238	1446
238	1490
238	1768
238	1811
238	2009
238	2573
238	2640
238	2665
238	2729
238	2799
238	2907
238	2919
238	3431
238	3520
238	406
238	1072
238	2827
238	158
238	389
238	1074
238	832
238	118
238	1353
238	1760
26	1095
26	1308
26	1383
26	2009
27	120
27	186
27	517
27	788
27	794
27	902
27	1021
27	1605
27	1668
27	1692
27	1830
27	1984
27	2147
27	2584
788	186
788	187
788	517
788	902
788	1021
788	1023
788	1312
788	1605
788	1668
788	2584
788	2666
788	2721
788	3847
788	158
788	3383
1605	186
1605	336
1605	517
1605	761
1605	780
1605	902
1605	1021
1605	1604
1605	1668
1605	2332
1605	2584
1605	2729
1605	1072
1605	158
794	120
794	969
794	1136
794	1692
794	1830
794	1984
794	2147
794	2365
794	2798
794	2860
794	3491
1692	1830
1692	1984
1692	1904
1692	236
1021	83
1021	113
1021	186
1021	187
1021	389
1021	406
1021	517
1021	669
1021	717
1021	773
1021	780
1021	852
1021	881
1021	902
1021	945
1021	1004
1021	1072
1021	1074
1021	1095
1021	1248
1021	1308
1021	1337
1021	1353
1021	1383
1021	1417
1021	1524
1021	1604
1021	1624
1021	1668
1021	1861
1021	1989
1021	2009
1021	2061
1021	2199
1021	2283
1021	2332
1021	2470
1021	2500
1021	2573
1021	2584
1021	2594
1021	2640
1021	2729
1021	2772
1021	2827
1021	2919
1021	2977
1021	3036
1021	3287
1021	3342
1021	3495
1021	3602
1021	1367
1021	158
1021	2909
187	29
187	90
187	274
187	397
187	431
187	579
187	650
187	669
187	671
187	672
187	743
187	862
187	891
187	968
187	1004
187	1085
187	1257
187	1261
187	1312
187	1353
187	1393
187	1595
187	1721
187	1811
187	1812
187	1987
187	2357
187	2487
187	2611
187	2666
187	2721
187	2867
187	3074
187	3120
187	3132
187	3520
187	4011
187	406
187	1072
187	2827
187	852
187	158
187	88
187	113
187	389
187	128
187	2248
187	660
187	1618
187	1651
187	1000
187	3082
187	1668
187	115
187	1722
187	1052
187	110
187	733
187	2579
187	2548
187	2173
187	357
187	3078
187	832
187	706
187	835
187	2436
187	55
187	3975
187	2139
187	990
187	2557
187	3319
187	1849
187	2570
187	118
187	1173
187	916
187	1184
187	2972
187	1090
187	818
187	1910
187	2833
187	2416
187	757
187	1846
187	2687
187	1485
187	2452
187	527
29	1023
1604	406
1604	698
1604	924
1604	1032
1604	1073
1604	1337
1604	1572
1604	1705
1604	1830
1604	1847
1604	1984
1604	2308
1604	2917
1604	2772
1604	2332
1604	1842
1604	704
1604	2875
1604	2551
1337	236
1337	319
1337	406
1337	635
1337	698
1337	1073
1337	1339
1337	1399
1337	1423
1337	1668
1337	1673
1337	1757
1337	1830
1337	1847
1337	1904
1337	1984
1337	2193
1337	2310
1337	2317
1337	2384
1337	2669
1337	2776
1337	3342
1337	1931
1337	1032
1337	2308
1337	886
1337	852
1337	1312
1337	186
1337	113
1337	389
1337	1074
1337	644
1337	1004
1337	1507
1337	2909
1337	2131
1337	385
378	704
2772	305
2772	704
2772	1073
2772	1307
2772	1628
2772	2310
2772	3031
2772	406
2772	2551
698	1073
2332	186
2332	319
2332	406
2332	471
2332	1073
2332	1307
2332	2551
2332	704
785	34
785	531
785	535
785	700
785	766
785	875
785	1286
785	1508
785	1553
785	1613
785	1697
785	1749
785	1779
785	1899
785	2297
785	2746
785	2806
785	2846
785	2850
785	3064
785	3230
785	3232
785	3372
785	3373
785	3374
35	2316
35	3254
2316	389
2316	1558
2316	2827
2316	2922
2316	2659
2316	3024
3254	2197
3254	2659
36	753
753	60
753	300
753	1830
753	1984
37	360
360	951
360	1830
360	1984
1639	44
1639	286
1639	384
1639	529
1639	605
1639	637
1639	699
1639	896
1639	1212
1639	2109
1639	2322
1639	3721
1639	1562
1639	1284
1639	1962
699	44
699	211
699	359
699	384
699	457
699	529
699	558
699	580
699	637
699	665
699	910
699	1097
699	1101
699	1140
699	1212
699	1284
699	1387
699	1450
699	1493
699	1562
699	1701
699	1744
699	1962
699	2109
699	2221
699	2343
699	2371
699	2457
699	2485
699	2780
699	3295
699	3575
699	3668
699	3721
699	896
699	98
699	1622
699	4045
699	197
699	719
699	3608
699	1890
699	338
211	44
211	69
211	471
211	573
211	637
211	722
211	1101
211	1129
211	1391
211	1404
211	1499
211	1701
211	1962
211	2086
211	2109
211	2315
211	2322
211	3044
211	3525
211	3721
211	3866
211	1562
211	457
211	1744
211	1284
2371	44
2371	390
2371	457
2371	558
2371	1101
2371	1284
2371	1387
2371	1493
2371	1562
2371	1701
2371	1744
2371	1962
2371	2109
2371	2780
2371	3083
2371	3456
2371	3721
2371	384
2371	896
1562	44
1562	108
1562	164
1562	345
1562	384
1562	390
1562	457
1562	529
1562	530
1562	637
1562	665
1562	799
1562	887
1562	1046
1562	1097
1562	1101
1562	1204
1562	1284
1562	1387
1562	1493
1562	1701
1562	1744
1562	1962
1562	1990
1562	2085
1562	2109
1562	2110
1562	2221
1562	2322
1562	2780
1562	3367
1562	3407
1562	3721
1562	1212
1562	2167
1931	42
1931	198
1931	771
1931	1904
1931	2804
1931	2995
1931	3494
1931	3605
1032	406
1032	1054
1032	1705
264	1204
264	1433
264	1990
1826	3057
602	427
602	1506
2346	2565
2346	3528
1701	44
1701	146
1701	384
1701	457
1701	529
1701	558
1701	887
1701	1046
1701	1101
1701	1284
1701	1387
1701	1453
1701	1493
1701	1744
1701	1863
1701	1962
1701	2109
1701	2110
1701	2221
1701	2780
1701	3295
1701	3407
1701	3575
1701	3721
1705	406
1705	1861
83	85
83	157
83	158
83	274
83	336
83	406
83	481
83	544
83	612
83	717
83	761
83	980
83	1072
83	1076
83	1080
83	1160
83	1205
83	1417
83	1523
83	1555
83	1578
83	1709
83	1811
83	1830
83	1853
83	1882
83	1984
83	2266
83	2477
83	2827
83	2922
83	3050
83	1054
83	1412
83	2748
83	3312
83	152
83	852
83	2420
83	1312
83	186
83	3383
1929	60
1929	300
1929	609
1929	639
1929	793
1929	833
1929	969
1929	1071
1929	1077
1929	1092
1929	1204
1929	1784
1929	1830
1929	1873
1929	1984
1929	1990
1929	2004
1929	2238
1929	2365
1929	2474
1929	2481
1929	2839
1929	3241
1929	236
2780	44
2780	126
2780	457
2780	530
2780	887
2780	1101
2780	1284
2780	1387
2780	1493
2780	1744
2780	1962
2780	2109
2780	2221
2780	3295
2780	3407
2780	3456
2780	3721
2780	1212
1572	164
1572	530
1572	1041
1572	1054
1572	2085
1572	2308
735	551
735	1077
735	2010
735	2481
735	2916
1861	406
1861	1830
1861	1984
1861	3856
1861	2551
538	1077
538	1223
538	2481
538	3262
538	617
461	585
461	931
3543	1077
3543	1830
3543	1984
3543	2481
2197	75
2197	319
2197	852
2197	1077
2197	1830
2197	1848
2197	1984
2197	2481
2197	2827
2197	3503
1842	345
1842	1054
722	1499
340	1830
340	1984
340	2350
340	3726
1246	1077
1246	1830
1246	1984
1246	2481
551	294
551	582
551	670
551	1409
551	1830
551	1984
551	2010
551	2308
551	2310
1171	1830
1171	1984
1171	3057
1171	4050
74	725
74	1388
74	2575
221	955
3363	1204
3363	1990
3681	1830
3681	1945
3681	1984
704	172
704	319
704	1339
704	1407
704	1433
704	2310
704	2720
617	3446
294	260
294	383
294	419
294	582
294	670
294	767
294	919
294	922
294	928
294	956
294	1409
294	1422
294	1568
294	2220
294	2243
294	2308
294	2454
294	2479
294	2713
294	3576
294	2010
294	641
294	1180
294	2478
498	493
498	716
498	1751
3564	1830
3564	1984
384	192
384	275
384	345
384	471
384	529
384	530
384	637
384	1493
384	1769
384	2167
384	2322
384	2565
384	3528
384	3761
384	1744
384	896
384	1284
384	1212
384	3140
1209	1830
1209	1984
1457	1077
1457	2481
1582	1204
1582	1735
1582	1830
1582	1984
1582	1990
1054	82
1054	455
1054	783
1054	965
1054	1297
1054	1527
1054	1743
1054	1830
1054	1984
1054	2308
1054	2310
1054	2705
1054	2776
1054	3057
1054	3451
1054	843
1054	3856
1054	1262
4060	3286
1193	181
1193	1077
1193	1830
1193	1984
1193	2462
1193	2481
1193	3425
1633	723
1633	1830
1633	1984
1633	2922
2010	1915
2010	2055
2010	2451
2010	3260
2010	3496
2010	2308
2010	670
2010	3240
2010	2310
319	236
319	386
319	457
319	1033
319	1073
319	1307
319	1339
319	1433
319	1573
319	1830
319	1904
319	1984
319	2605
319	2776
319	886
319	1312
319	186
319	3383
319	1745
319	1733
319	2052
319	793
1872	2565
1872	3528
2140	60
2140	86
2140	300
2140	867
2140	1830
2140	1984
707	2565
707	3528
725	3502
725	2502
297	1077
297	1830
297	1984
297	2481
1499	1830
1499	1984
1499	2086
1735	1399
1735	2317
569	1077
569	1830
569	1984
569	2481
1673	219
1673	270
1673	886
1673	1904
1673	236
919	260
919	383
919	419
919	435
919	670
919	694
919	767
919	922
919	928
919	956
919	1210
919	1422
919	1568
919	1854
919	1924
919	1951
919	2043
919	2220
919	2243
919	2454
919	2479
919	3576
919	2308
1763	1077
1763	1830
1763	1984
1763	2481
3520	274
3520	902
3520	1204
3520	1308
3520	1383
3520	1417
3520	1446
3520	1811
3520	1990
3520	3200
1568	435
1568	670
1568	852
1568	1399
1568	2317
1568	3185
1568	3940
1568	2308
1568	1072
1568	1504
752	1077
752	1830
752	1984
752	2481
406	113
406	270
406	726
406	773
406	852
406	891
406	945
406	1004
406	1072
406	1074
406	1183
406	1312
406	1361
406	1417
406	1811
406	1830
406	1984
406	2308
406	2470
406	2827
406	3036
406	3442
406	3495
406	3780
406	4006
406	1367
406	186
406	3383
406	389
406	1904
406	236
406	118
406	198
406	2909
406	1624
2086	1077
2086	1830
2086	1984
2086	2481
2308	201
2308	216
2308	419
2308	435
2308	582
2308	670
2308	694
2308	783
2308	969
2308	1057
2308	1077
2308	1399
2308	1409
2308	1507
2308	1830
2308	1847
2308	1848
2308	1854
2308	1984
2308	2029
2308	2220
2308	2365
2308	2454
2308	2479
2308	2481
2308	2640
2308	2641
2308	2756
2308	2827
2308	3451
2308	3702
2308	3943
2308	1947
2308	660
2308	1398
1098	1077
1098	2481
670	116
670	146
670	183
670	251
670	260
670	274
670	342
670	355
670	383
670	419
670	435
670	669
670	694
670	724
670	767
670	847
670	922
670	928
670	956
670	969
670	1120
670	1176
670	1204
670	1264
670	1581
670	1811
670	1854
670	1951
670	1990
670	2043
670	2220
670	2243
670	2244
670	2335
670	2365
670	2454
670	2479
670	2481
670	2526
670	2692
670	2713
670	3185
670	3440
670	3503
670	3524
670	3940
670	4043
670	1072
670	266
670	1904
670	236
670	1353
670	363
670	2735
2760	2536
2760	2559
2760	3301
2760	3721
2760	2075
2760	1960
2760	212
2760	1836
2760	2865
2760	400
2760	2550
2760	1585
2760	1518
2760	3195
2760	3530
2760	2507
2760	2088
2760	2539
2760	1439
2760	1725
2760	1322
2760	2415
2760	1265
2760	1521
2760	2545
2760	1113
2760	2192
1996	44
1996	3721
44	457
44	1584
44	1493
44	1345
44	1744
44	896
44	1284
44	1212
44	1962
457	605
457	1097
457	1284
457	1387
457	1493
457	1744
457	1962
457	2109
457	3367
457	3721
457	1904
457	236
1584	1284
1493	637
1493	1284
1493	1387
1493	1744
1493	1962
1493	2109
1493	2322
1493	3721
1345	1830
1345	1984
1345	2350
1345	3721
1345	3726
1744	529
1744	1097
1744	1284
1744	1387
1744	1962
1744	1994
1744	2109
1744	3575
1744	3721
896	164
896	529
896	605
896	637
896	1212
896	1284
896	2085
896	2109
896	2322
896	3721
1284	130
1284	345
1284	529
1284	637
1284	799
1284	1046
1284	1101
1284	1212
1284	1324
1284	1387
1284	1509
1284	1962
1284	2109
1284	2221
1284	2322
1284	2974
1284	3201
1284	3575
1284	3721
1284	3923
1212	98
1212	164
1212	529
1212	605
1212	637
1212	1101
1212	1962
1212	2109
1212	2322
1212	3201
1212	3721
1212	1531
1962	637
1962	1101
1962	2109
1962	2322
1962	3721
1962	1387
532	46
532	1655
532	2542
532	3310
532	648
46	3310
1367	48
1367	586
1367	927
1367	1074
1367	4006
48	927
48	1619
48	1738
48	3944
54	717
54	1486
1555	56
1555	453
1555	852
1555	928
1555	1072
1555	1185
1555	1412
1555	1465
1555	1551
1555	1596
1555	1746
1555	1750
1555	2410
1555	2748
1555	3297
1555	3341
1555	2630
56	1412
56	2748
1412	453
1412	1185
1412	1465
1412	1551
1412	1596
1412	1746
1412	1750
1412	2748
1412	3297
1412	3341
2748	453
2748	587
2748	1072
2748	1185
2748	1465
2748	1476
2748	1498
2748	1551
2748	1596
2748	1746
2748	1750
2748	2035
2748	2827
2748	3297
2748	3341
2748	85
2748	732
2748	2329
2748	3291
1072	59
1072	85
1072	113
1072	274
1072	276
1072	453
1072	587
1072	612
1072	669
1072	691
1072	780
1072	852
1072	854
1072	945
1072	1004
1072	1074
1072	1249
1072	1353
1072	1417
1072	1490
1072	1505
1072	1566
1072	1668
1072	1681
1072	1768
1072	1811
1072	1990
1072	2437
1072	2729
1072	2799
1072	2827
1072	158
1072	2573
1072	118
1072	1558
1072	678
60	2075
60	1637
60	2429
60	3065
60	374
60	1873
60	886
60	804
2075	300
1637	300
1637	1830
1637	1984
2429	300
2429	555
3065	300
3065	1965
3065	3114
374	300
1873	300
1873	609
1873	639
1873	969
1873	2004
1873	2238
1873	2365
1873	2474
1873	2839
886	300
886	1399
886	1668
886	1830
886	1984
886	2213
886	2317
886	2475
886	1589
804	300
804	555
804	867
804	969
804	2365
1243	64
1243	235
1243	326
1243	1004
1243	1133
1243	1340
383	260
383	767
383	922
383	928
383	956
383	1180
383	2454
383	2243
547	645
419	2243
419	922
419	260
2243	260
2243	435
2243	767
2243	922
2243	928
767	1057
767	2365
767	922
767	260
767	1180
922	260
922	435
922	694
922	928
922	956
922	1176
922	2043
922	2220
922	2365
922	2454
922	2692
922	4043
260	435
260	928
260	956
260	1120
260	1854
260	2454
260	2464
260	3503
266	1905
266	2108
266	2365
266	3185
266	3940
3241	70
3241	609
3241	639
3241	811
3241	1230
3241	1279
3241	3548
1043	71
1043	257
1043	459
1043	1830
1043	1984
71	459
459	257
459	3042
119	73
119	703
119	2827
73	703
73	2827
73	3880
3880	2827
2827	75
2827	126
2827	140
2827	274
2827	275
2827	276
2827	280
2827	304
2827	336
2827	389
2827	405
2827	669
2827	694
2827	703
2827	717
2827	761
2827	780
2827	791
2827	796
2827	827
2827	852
2827	891
2827	909
2827	945
2827	991
2827	1004
2827	1143
2827	1183
2827	1310
2827	1347
2827	1353
2827	1410
2827	1417
2827	1436
2827	1446
2827	1476
2827	1539
2827	1768
2827	1811
2827	1968
2827	1976
2827	2035
2827	2136
2827	2269
2827	2398
2827	2434
2827	2573
2827	2582
2827	2661
2827	2729
2827	2815
2827	2830
2827	2942
2827	2977
2827	3023
2827	3025
2827	3200
2827	3397
2827	3640
2827	3667
2827	1375
2827	1709
2827	158
2827	113
2827	1074
2827	128
2827	2902
2827	2248
2827	660
2827	706
2827	1910
2827	2687
2827	1760
2827	928
2827	1544
2827	2762
2827	1678
2827	3190
2827	2469
2827	373
2827	1588
2827	3175
2827	749
2827	3449
2827	2076
2827	562
2827	2099
2827	252
2827	1561
2827	2484
2827	2116
2827	2087
2827	350
2827	3534
2827	3687
2827	2493
2827	2074
2827	1839
2827	165
2827	516
2827	2679
2827	596
2827	917
2827	3927
2827	2016
2827	1048
2827	2395
2827	1384
2827	2430
2827	180
2827	1771
2827	1130
2827	2905
2827	3012
2827	237
2827	1239
2827	2162
2827	1358
2827	3622
2827	3432
2827	1031
2827	920
2827	1411
2827	3362
2827	344
2827	133
2827	2012
2827	3235
2827	244
2827	3283
2827	490
2827	1538
2827	526
2827	3350
2827	631
2827	1394
2827	2270
2827	1301
2827	131
2827	2792
2827	310
2827	2348
2827	1028
2827	2194
2827	445
2827	915
2827	1704
2827	1519
2827	1219
2827	1088
2827	2881
75	367
75	403
75	1375
75	1558
75	1928
75	2811
1375	1558
1375	2811
1158	81
1158	156
1158	421
1158	432
1158	468
1158	806
1158	888
1158	907
1158	972
1158	1058
1158	1106
1158	1109
1158	1280
1158	1430
1158	1548
1158	1560
1158	1766
1158	1850
1158	2021
1158	2022
1158	2271
1158	2571
1158	2579
1158	2847
1158	1859
81	1859
81	888
1859	156
1859	205
1859	421
1859	432
1859	468
1859	768
1859	774
1859	806
1859	888
1859	900
1859	907
1859	972
1859	1058
1859	1106
1859	1109
1859	1280
1859	1430
1859	1548
1859	1560
1859	1766
1859	1850
1859	2021
1859	2022
1859	2271
1859	2571
1859	2579
1859	2847
888	156
888	205
888	421
888	432
888	468
888	768
888	774
888	806
888	900
888	907
888	972
888	1058
888	1106
888	1109
888	1280
888	1430
888	1548
888	1560
888	1766
888	1850
888	2021
888	2022
888	2271
888	2571
888	2579
888	2847
717	157
717	161
717	274
717	279
717	396
717	667
717	812
717	852
717	906
717	945
717	1014
717	1095
717	1115
717	1205
717	1323
717	1795
717	1811
717	2009
717	2206
717	2523
717	2546
717	2573
717	2769
717	2901
717	612
717	158
717	113
717	389
717	1074
717	561
717	885
852	113
852	158
852	274
852	280
852	291
852	295
852	315
852	336
852	348
852	389
852	453
852	597
852	669
852	761
852	780
852	894
852	945
852	991
852	1004
852	1030
852	1074
852	1096
852	1185
852	1255
852	1308
852	1353
852	1372
852	1383
852	1417
852	1436
852	1446
852	1447
852	1490
852	1501
852	1523
852	1549
852	1558
852	1811
852	1840
852	1852
852	1991
852	2182
852	2288
852	2477
852	2573
852	2577
852	2729
852	2799
852	3107
852	3130
852	3200
852	3388
852	3859
852	832
852	118
852	2261
852	2942
852	1879
852	3601
852	1776
852	2392
852	1481
980	2977
1882	157
1882	1080
1882	1160
1882	1205
1882	1076
157	274
157	1080
157	1205
157	1417
157	1811
157	1160
157	3050
157	1076
1205	274
1205	1080
1205	1160
1205	1417
1205	1523
1205	1811
1205	2477
1205	2977
1205	1076
1205	3694
612	94
612	134
612	135
612	153
612	241
612	246
612	271
612	274
612	276
612	309
612	395
612	610
612	642
612	669
612	816
612	945
612	1002
612	1004
612	1063
612	1074
612	1132
612	1181
612	1183
612	1208
612	1308
612	1353
612	1383
612	1589
612	1599
612	1739
612	1768
612	1773
612	1811
612	1865
612	1922
612	1968
612	2123
612	2246
612	2264
612	2273
612	2456
612	2482
612	2510
612	2740
612	2826
612	3101
612	3389
612	3434
612	3574
612	3857
612	4008
612	158
612	712
612	1651
612	706
612	1910
612	2833
612	499
612	623
612	2961
612	2808
612	1831
612	136
612	2554
612	2438
612	1810
612	1001
612	590
612	622
612	2163
612	1488
612	2125
612	147
612	2018
612	3961
612	3562
612	2834
612	451
612	2635
612	122
612	1431
612	482
612	3029
612	1864
612	1569
612	938
1312	270
1312	780
1312	1023
1312	2729
1312	3847
1312	158
1312	3383
1312	1417
186	270
186	274
186	1811
186	158
186	3383
1160	1080
1160	2977
1160	3694
158	123
158	608
158	669
158	1004
158	1076
158	1353
158	1378
158	1417
158	1565
158	1678
158	1760
158	1968
158	2573
158	2977
158	3263
3383	270
3383	780
3383	1668
3383	2729
3050	1080
1080	274
1080	1417
1080	1811
1080	2759
1080	2977
86	2279
88	352
3132	90
3132	650
3132	862
90	1023
90	3847
90	3529
90	3240
90	650
90	862
3240	466
3240	822
3240	1044
3240	1234
3240	1317
3240	2057
3240	2127
3240	2195
3240	2216
3240	2341
3240	2678
3240	3080
3240	3105
3240	3428
3240	3466
650	760
650	862
1321	98
98	1450
98	2109
98	2343
98	3236
98	3721
98	2719
98	1622
98	2252
98	4045
98	2945
98	197
2719	1450
2719	2343
1622	1114
425	103
425	957
111	2350
111	3726
113	389
113	669
113	945
113	1074
113	1417
389	367
389	669
389	740
389	937
389	945
389	1004
389	1074
389	1076
389	1436
389	2811
389	3342
389	3640
389	572
389	1734
389	2758
1074	274
1074	367
1074	669
1074	937
1074	945
1074	1004
1074	1076
1074	1505
1074	1811
1074	1990
2019	114
117	1740
1740	2540
1904	121
1904	236
1904	270
1904	368
1904	637
1904	969
1904	1542
1904	1668
1904	1756
1904	2322
1904	2365
1904	2763
1904	4067
1904	832
121	236
236	270
236	368
236	635
236	669
236	1668
236	1804
236	2454
236	2464
236	4067
236	118
873	128
873	2623
128	1353
128	2248
128	2349
128	2902
2902	2349
2248	780
2248	1353
2248	2349
2248	2729
2248	2922
2248	3263
137	513
137	952
137	3008
137	973
137	2685
137	449
137	1273
137	2227
513	327
952	327
3008	327
973	327
2685	327
449	327
1273	327
2227	327
141	2530
573	705
573	2167
573	3983
2875	281
2875	2744
2875	331
609	359
609	536
609	639
609	793
609	2457
609	2466
609	2605
3342	945
3342	1830
3342	1984
2167	164
2167	2085
2167	3983
2167	192
192	164
192	519
192	529
192	1303
192	1523
192	1736
192	1769
192	2072
192	2085
192	3201
2310	1433
2310	2365
2310	2655
2310	3721
529	3140
529	3845
183	149
183	3570
183	355
183	2335
183	251
149	3570
2509	477
644	477
644	488
644	723
2411	392
2411	598
791	151
791	302
791	1238
791	3369
1076	1004
1076	1446
1076	2977
1076	3200
2573	274
2573	336
2573	761
2573	949
2573	991
2573	1004
2573	1353
2573	1417
2573	1436
2573	1446
2573	1558
2573	1811
2573	2484
2573	669
2573	268
1417	274
1417	277
1417	453
1417	669
1417	780
1417	945
1417	991
1417	1004
1417	1095
1417	1186
1417	1353
1417	1475
1417	1490
1417	1547
1417	1640
1417	1776
1417	1811
1417	1862
1417	2009
1417	2343
1417	2384
1417	2695
1417	2729
1417	2762
1417	2794
1417	2829
1417	2997
1417	3569
1417	118
1417	299
1417	647
1417	268
1417	1629
1417	2805
1004	214
1004	235
1004	274
1004	276
1004	283
1004	423
1004	579
1004	669
1004	780
1004	784
1004	891
1004	991
1004	1023
1004	1340
1004	1353
1004	1436
1004	1446
1004	1490
1004	1547
1004	1629
1004	1678
1004	1768
1004	1811
1004	1968
1004	2580
1004	2729
1004	2794
1004	2799
1004	3075
1004	3544
1004	3847
1004	118
1004	1776
1004	986
1004	904
1004	2944
279	161
279	1523
279	2477
279	2523
163	550
550	248
550	564
550	867
550	2343
550	2878
550	3289
164	3452
164	258
3452	2085
258	2085
929	166
929	891
929	1349
166	891
891	274
891	1349
891	1811
891	2205
891	669
891	572
891	1734
891	2853
2868	2613
1235	169
1235	1190
1235	3256
172	1589
1589	274
1589	1162
1589	1371
1589	1668
1589	1811
802	173
173	274
173	1811
3425	178
1325	185
1325	416
1325	515
1325	2101
1325	2104
1325	2389
669	274
669	276
669	290
669	299
669	336
669	397
669	560
669	572
669	724
669	761
669	780
669	933
669	945
669	991
669	1085
669	1264
669	1308
669	1340
669	1353
669	1383
669	1446
669	1490
669	1720
669	1734
669	1768
669	1811
669	2092
669	2665
669	2729
669	2799
669	2907
669	2942
669	3321
669	1063
669	1966
669	373
272	1830
272	1984
2563	2465
2563	2738
2146	969
2146	2365
355	251
355	342
355	1830
355	1984
355	2244
355	2324
355	2335
355	2350
355	2714
355	3185
355	3726
355	3940
355	1745
355	1733
355	2052
1573	1830
1573	1984
2335	251
2335	342
2335	2244
2335	3185
2335	3940
2335	1745
2335	1733
2335	2052
1279	555
1279	811
2479	1888
2479	3069
668	2465
668	2738
712	1204
712	1990
416	185
416	515
416	654
416	1203
416	1868
416	1977
416	2101
416	2104
416	2389
2478	1944
181	1969
181	2200
1969	1294
1969	2643
2200	805
2200	935
251	342
251	2244
1618	2972
968	1353
968	1658
1668	625
1668	110
733	2579
733	1919
2579	468
2579	2847
2579	1058
2579	806
2579	1280
357	1204
357	1990
3078	579
3078	2436
832	274
832	1811
2436	579
2436	1512
2557	1023
2557	3450
2557	3847
3319	2047
3319	2833
2611	1353
1595	442
1595	1023
1595	1261
1595	3847
2570	1353
2972	2497
1987	1023
1987	3847
4011	397
4011	579
4011	1085
4011	1353
2833	274
2833	332
2833	364
2833	1490
2833	1811
1353	274
1353	276
1353	1768
1353	1811
1353	3185
1353	3940
1353	579
579	1023
579	1393
579	2069
579	3299
579	3695
579	3847
579	1381
2357	1023
2357	3405
2357	3847
188	1012
1012	2188
196	1830
196	1984
1507	201
1507	2323
214	283
2323	225
2323	1830
2323	1984
446	217
446	780
446	2729
217	780
217	2076
217	2729
217	3046
217	2771
3046	2922
3046	2076
2424	218
2424	351
2424	2066
1192	224
1192	2061
1192	3602
227	1745
227	1733
227	2052
1745	333
1745	479
1745	849
1745	997
1745	1022
1745	1216
1745	1733
1745	1889
1745	2052
1745	2241
1745	2242
1733	333
1733	479
1733	849
1733	997
1733	1022
1733	1216
1733	1889
1733	2052
1733	2241
1733	2242
1733	2599
1733	3671
2052	333
2052	479
2052	849
2052	997
2052	1022
2052	1216
2052	1889
2052	2241
2052	2242
2052	2599
228	2669
468	233
468	421
468	432
468	768
468	774
468	806
468	907
468	972
468	1058
468	1106
468	1109
468	1280
468	1430
468	1548
468	1560
468	1766
468	1850
468	2021
468	2022
468	2271
468	2571
468	2847
468	3263
2896	234
2896	824
2896	967
2896	1287
2896	2402
2896	2682
2896	2718
2896	2753
2896	2796
235	326
235	784
235	991
235	1133
235	1340
235	1446
235	1629
1760	274
1760	520
1760	1285
1760	1811
1760	2128
1760	2752
1760	2814
1760	1465
1760	695
1760	3667
1760	829
1760	801
2665	276
2665	933
2665	1768
793	2605
2744	331
1307	1073
1307	1399
1307	2061
1307	2317
1307	3602
1092	880
1092	1830
1092	1984
1426	1554
1936	1830
1936	1984
1554	2908
2129	555
2597	2465
2597	2738
1836	867
2304	269
270	274
270	1811
271	560
271	2907
928	274
928	780
928	1120
928	1811
928	2729
928	3503
274	3228
274	2079
274	1441
274	3112
274	1370
274	3028
274	1382
274	2551
274	2219
274	1843
274	666
274	1558
274	836
274	2073
274	1968
274	361
274	894
274	429
274	961
3228	1811
2079	1811
1441	1811
3112	1811
1370	991
1370	1446
1370	1811
3028	1811
1382	1811
2551	1811
2551	2061
2551	3602
2219	504
2219	724
2219	1558
2219	1811
1843	336
1843	761
1843	1811
666	1248
666	1811
1558	991
1558	1436
1558	1446
1558	1811
1558	57
1558	1037
836	1811
2073	780
2073	1523
2073	1811
2073	2477
2073	2729
1968	278
1968	1490
1968	1678
1968	1811
1968	2696
361	961
361	1811
361	2209
894	1095
894	1532
894	1811
894	2009
894	2614
429	1811
961	1811
275	3270
3270	284
3270	456
3270	820
3270	858
3270	879
3270	1049
3270	1227
3270	1552
3270	1880
3270	2184
3270	2406
3270	2414
3270	2483
3270	2966
3270	3237
3270	3900
3270	4043
276	1720
276	2278
276	1596
276	299
1720	1768
2278	1768
1596	1768
299	1768
277	2397
2397	2343
2523	1523
2523	2477
280	2288
2384	1186
2384	2798
2384	3491
293	795
795	637
795	2322
295	991
295	1095
295	1446
295	2009
2849	307
2849	2008
1223	1830
1223	1984
3299	1055
3299	1385
315	1095
315	2009
315	3107
318	1204
318	1830
318	1984
318	1990
332	1523
332	2477
463	335
463	2561
336	3169
336	1750
3169	761
1750	453
1750	761
1750	2911
1593	346
1593	1466
1593	2236
358	410
358	1985
358	2312
359	687
687	2457
363	3185
363	3940
2494	371
2494	2362
412	1204
412	1830
412	1984
412	1990
409	3293
263	377
1436	2942
1436	3624
1436	2476
572	1734
572	2942
1734	2942
1603	1377
2659	2862
2659	2942
2659	3047
2659	3226
392	3264
392	598
392	1199
472	397
472	1085
472	1658
398	1204
398	1830
398	1984
398	1990
398	2002
1870	1204
1870	1830
1870	1984
1870	1990
2620	1204
2620	1830
2620	1984
2620	1990
764	1830
764	1984
39	3247
3223	1830
3223	1984
844	1466
844	3727
2517	1830
2517	1984
1475	1433
1475	1953
1475	3077
2526	1299
2526	1830
2526	1984
405	827
405	3023
405	3667
2909	1095
2909	2009
1624	773
1624	1610
1624	2199
1624	2283
1624	2594
1624	3036
1624	3287
1491	407
407	1830
407	1984
3293	2433
3293	2783
3293	3689
3488	420
3488	2983
3488	3322
3488	1365
3488	2686
420	2983
420	1365
1365	1073
1365	1360
1365	3031
1365	3060
1365	3282
2983	2686
2983	3282
2847	421
2847	432
2847	768
2847	774
2847	806
2847	907
2847	972
2847	1058
2847	1106
2847	1109
2847	1280
2847	1430
2847	1548
2847	1560
2847	1766
2847	1850
2847	2021
2847	2022
2847	2271
2847	2571
421	1058
421	806
421	1280
1058	432
1058	768
1058	774
1058	806
1058	907
1058	972
1058	1106
1058	1109
1058	1280
1058	1430
1058	1548
1058	1560
1058	1766
1058	1850
1058	2021
1058	2022
1058	2271
1058	2571
806	432
806	768
806	774
806	907
806	972
806	1106
806	1109
806	1280
806	1430
806	1548
806	1560
806	1766
806	1850
806	2021
806	2022
806	2271
806	2571
1280	432
1280	768
1280	774
1280	907
1280	972
1280	1106
1280	1109
1280	1430
1280	1548
1280	1560
1280	1766
1280	1850
1280	2021
1280	2022
1280	2271
1280	2571
423	2580
2580	780
2580	2729
427	486
427	545
427	102
427	4010
486	563
486	1506
545	1506
102	1506
4010	1006
4010	1506
4010	3392
434	2407
1035	439
1035	780
1035	1059
1035	1081
1035	1665
1035	2098
1035	2729
439	780
439	2729
1261	442
450	1830
450	1984
453	1185
453	1465
3694	2977
2159	298
2762	1446
2762	3200
1678	991
1678	1152
1678	1446
1678	4041
939	1414
939	2339
2977	608
2977	1790
2977	2791
1323	1523
1323	2206
1323	2477
926	1270
926	2565
926	2798
926	3491
926	3528
1815	2798
1815	3491
493	716
2864	502
1816	520
1816	2814
520	963
520	695
520	1285
963	2814
963	3444
695	1775
695	2814
1285	1512
1285	2814
521	2565
521	3528
589	524
589	1271
589	1466
589	2189
524	618
524	2643
618	1271
2643	1271
2643	2402
648	1655
648	2542
541	626
626	1871
542	780
542	2729
555	1948
2356	563
2356	2189
563	2521
563	91
563	3661
563	381
563	3249
563	2382
563	525
563	424
563	1470
563	2788
563	1131
2521	805
2521	1506
91	1466
91	2189
91	2575
91	3727
91	4000
3661	1661
381	2189
3249	1388
3249	1466
3249	2189
2382	1388
2382	1466
525	1466
525	2189
424	1388
424	1466
424	3902
1470	805
1470	1388
1470	1466
1470	2189
1470	2236
1470	2575
2788	607
2788	1388
2788	1466
2788	2189
2788	2991
2788	3690
1131	1123
1131	1466
1131	2189
577	1372
577	2823
577	3242
578	1830
578	1984
1138	585
1138	1830
1138	1984
1138	2324
1138	2714
585	2148
1780	1776
1515	3110
1515	3421
2261	1095
2261	2009
1549	3130
3421	3110
3496	1915
3496	2055
3496	2451
3496	3260
1179	2653
3972	1095
3972	2009
3972	3016
2942	933
3130	991
3130	1095
3130	1446
3130	2009
740	1737
1008	991
1008	1446
837	2160
1602	1979
1602	2031
1610	656
1372	991
1372	1095
1372	1446
1372	2009
2830	1980
1430	2574
1278	2267
1776	1446
1776	3200
597	1446
597	3200
2149	601
2149	1094
2149	1869
2149	3091
2149	3366
2149	3489
2246	816
3389	1865
3389	1922
1922	1865
613	1830
613	1984
2952	616
2952	2869
2952	3688
2680	867
1726	1830
1726	1984
3041	1399
3041	2317
3740	2350
3740	3726
2684	1830
2684	1984
1643	1830
1643	1984
1643	2082
1643	2837
1643	3052
604	2503
1263	1830
1263	1984
925	751
4029	1830
4029	1984
856	1830
856	1984
967	1830
967	1984
2965	1830
2965	1984
1847	1830
1847	1984
649	1830
649	1984
1142	1087
1142	1830
1142	1984
3603	1830
3603	1984
1311	1830
1311	1984
1487	1830
1487	1984
1484	2324
1484	2714
1438	2798
1438	3491
1047	1830
1047	1984
2306	1830
2306	1848
2306	1984
2306	3503
503	1830
503	1984
3136	1830
3136	1984
2311	1830
2311	1984
3600	1435
3600	2536
2731	1830
2731	1984
3348	1830
3348	1984
3209	1830
3209	1984
2599	1830
2599	1984
2359	1830
2359	1984
1689	2265
1328	1830
1328	1984
1930	1830
1930	1914
1930	1984
1930	2606
870	1830
870	1984
2131	914
2131	2565
2131	3528
2538	1386
2538	1830
2538	1984
2538	2027
1087	1830
1087	1984
1242	1830
1242	1984
2237	1830
2237	1984
839	787
839	494
821	1830
821	1984
2189	2250
2189	353
2189	2968
3943	1830
3943	1984
2503	1830
2503	1984
646	1830
646	1984
646	2265
751	2265
1787	1830
1787	1984
1752	1830
1752	1984
637	400
637	2866
400	1170
400	1399
400	1738
400	2317
400	2322
400	2369
2866	2322
2720	1399
2720	1433
2720	2317
129	656
656	1292
2735	3185
2735	3940
1226	780
1226	2729
1878	780
1878	1958
1878	2729
1588	780
1588	2729
1588	3484
3175	3449
749	780
749	2729
3238	780
3238	2729
2076	780
2076	2729
2076	2922
2076	1149
2639	780
2639	2729
2320	780
2320	2256
2320	2729
2256	780
2256	2729
1067	680
1067	1674
1890	2590
885	1523
885	2477
723	2922
724	2250
724	2511
724	353
2250	3902
2511	1264
2511	1486
353	1077
353	2481
3624	730
3624	2476
1060	744
1060	945
3610	780
3610	2729
780	2616
780	2450
780	2285
780	2863
780	2652
780	1075
780	2595
780	1175
780	2888
2616	2729
2450	2729
2450	4004
2285	2729
2863	2729
2863	3609
2652	2729
1075	2729
2595	2729
1175	2729
2888	2729
796	3025
805	1245
812	1523
812	2477
285	846
273	850
1135	851
1840	1095
1840	1255
1840	2009
1255	1095
1255	2009
1481	1095
1481	2009
1030	1095
1030	2009
859	4022
4022	979
4022	3455
861	1934
1999	869
1149	911
949	2640
949	2919
2686	989
2686	994
2686	3282
991	268
268	1446
1009	2223
1013	1523
1013	2477
1014	1523
1014	2477
1023	2737
2737	3847
737	1024
195	1061
1077	1786
1077	1913
1077	701
1077	467
1077	2090
1077	485
1077	254
1077	1477
1077	112
1786	1830
1786	1984
1786	2481
1913	2481
701	2481
467	2481
2090	2481
485	2481
254	2481
1477	2481
112	2481
1062	1079
1062	3396
1114	2778
1115	1523
1115	2477
2099	1159
2099	1781
1512	3474
143	1168
143	3407
3161	1178
1182	2265
1531	2109
1531	3721
3666	1241
3666	1338
3666	2739
3666	3121
2235	1294
2235	1408
2196	3185
2196	3243
2196	3940
1308	2092
2092	1383
2314	1329
1338	750
750	3121
1341	2536
1388	2883
1388	2968
1388	1165
2883	3183
2968	1466
2968	3048
2968	3173
2968	3183
1165	2575
1399	475
475	2317
252	1402
1422	38
38	3576
2476	1663
2476	1820
1446	1194
1194	3200
1450	1782
1782	2343
1256	3493
1256	3860
1466	3189
984	1523
984	2477
1523	2546
1523	3022
1523	2730
1523	1516
1523	1157
2546	2477
3022	2477
2730	2477
1516	2477
1157	2477
1532	3192
1532	2907
3192	2565
3192	2614
3192	3528
2907	2614
1591	2798
1591	3491
1700	1616
1700	2648
1616	508
1616	433
508	2648
433	2648
1640	3106
3106	2997
1830	2051
1830	3002
2051	1984
3002	1984
1005	1956
1195	2188
2224	2453
2224	3265
2236	220
1482	2265
2265	636
2265	3394
2265	1150
2265	2070
2265	3464
2265	2963
2265	3381
2265	817
1320	2305
2324	2671
2671	2714
1362	2328
1362	3263
1362	3380
2350	1641
2350	921
2350	1327
1641	2465
1641	2738
1641	3726
921	3726
1327	3726
323	2364
690	2366
606	2388
606	3860
2402	2468
2402	2676
2402	2753
2402	2796
2465	2185
2465	3246
2465	2747
2465	132
2185	2738
3246	2738
2747	2738
132	2738
1126	2536
444	2536
1761	2536
448	2536
2994	2536
2017	2536
2716	2534
2716	3185
2716	3940
537	2537
537	2869
2565	2882
2882	3528
2820	2618
2820	2814
2661	1354
2661	1042
2770	2783
2770	3689
2798	1039
2798	2064
1039	3491
2064	3491
1144	3058
287	3239
3340	3317
93	3398
3505	3721
736	3568
3668	3533
3721	2102
2161	3973
