--roles (node ID role ID)--

1891	1
0	2
14	1
31	2
33	1
40	1
43	1
44	1
84	2
87	2
98	1
142	1
211	1
240	1
249	1
253	1
264	1
306	1
319	1
341	2
375	1
378	2
384	1
388	2
401	1
411	1
457	1
483	1
487	1
489	2
529	1
534	1
540	1
559	2
609	1
628	1
637	1
651	1
699	1
754	2
793	1
825	1
841	1
863	1
896	1
943	2
1018	1
1020	2
1045	1
1097	2
1101	1
1212	1
1284	1
1291	2
1307	1
1339	1
1345	1
1444	1
1454	1
1467	2
1493	1
1562	1
1626	2
1631	1
1639	1
1673	1
1693	1
1701	1
1744	1
1876	1
1918	2
1929	1
1962	1
1972	2
2030	1
2109	1
2254	2
2264	2
2277	1
2310	1
2317	1
2322	1
2371	1
2422	1
2742	2
2780	1
2803	1
2943	2
2989	1
3207	2
3220	2
3391	2
3505	2
3721	1
3844	2
3923	2
3967	2
1782	2
1973	2
1056	2
146	1
275	1
288	2
386	2
458	1
471	1
561	0
698	2
717	1
1046	2
1073	1
1337	1
1480	1
1604	1
1830	1
1861	1
1954	2
1984	1
2061	1
2332	1
2772	1
3602	1
2492	1
2499	1
1939	1
1	2
1121	0
3170	2
3860	2
274	1
1811	1
6	0
9	1
24	0
35	0
45	0
50	0
67	1
83	1
86	2
96	0
121	2
138	1
144	0
157	1
160	0
173	2
176	0
179	1
186	1
187	1
228	0
236	1
238	1
255	2
270	1
276	1
289	1
305	0
308	1
320	1
334	0
336	1
337	0
343	0
361	2
363	2
380	1
397	2
402	0
406	1
436	0
474	0
476	0
480	0
520	1
523	0
533	0
552	0
557	0
591	0
594	1
612	1
620	0
629	0
640	1
666	2
669	1
670	1
674	0
675	1
677	1
683	0
697	0
724	2
727	0
728	0
734	1
742	0
761	1
772	1
780	1
807	0
836	0
842	0
852	1
853	0
881	2
889	1
891	1
894	1
898	0
928	1
936	0
939	0
944	0
945	1
949	2
954	1
961	2
980	0
991	1
996	0
1004	1
1013	0
1014	0
1021	1
1025	0
1072	1
1074	1
1080	1
1085	2
1095	1
1110	0
1117	1
1120	1
1151	0
1153	0
1160	1
1163	1
1169	1
1183	0
1186	2
1189	0
1198	0
1205	1
1207	0
1217	0
1231	0
1248	0
1264	2
1283	0
1308	1
1323	0
1333	1
1353	1
1370	2
1382	0
1383	1
1413	0
1414	0
1417	1
1423	2
1424	0
1434	1
1436	1
1441	0
1446	1
1460	0
1483	0
1490	1
1523	1
1524	0
1540	1
1542	2
1558	1
1568	1
1589	1
1605	1
1623	0
1628	0
1640	1
1654	0
1668	1
1670	0
1672	0
1678	1
1679	1
1695	0
1702	0
1710	0
1755	1
1756	2
1760	1
1768	1
1777	0
1788	0
1882	1
1884	0
1904	1
1968	1
1974	0
1988	0
2005	0
2009	1
2037	0
2059	0
2073	1
2079	0
2113	0
2121	0
2144	0
2157	0
2172	0
2186	0
2193	2
2206	0
2209	0
2213	0
2215	0
2217	0
2260	0
2266	0
2274	0
2286	0
2303	0
2308	1
2319	0
2330	0
2334	0
2339	0
2384	1
2388	0
2409	0
2435	0
2454	1
2464	1
2475	2
2477	1
2551	1
2573	1
2589	0
2610	0
2621	0
2640	1
2642	0
2651	0
2668	0
2704	1
2729	1
2758	0
2769	0
2774	0
2789	0
2799	1
2814	1
2824	0
2827	1
2828	0
2832	0
2835	0
2859	0
2914	0
2919	2
2922	1
2964	0
2977	1
2997	1
3028	0
3032	0
3033	0
3038	0
3075	0
3087	0
3112	0
3164	0
3185	1
3194	0
3200	1
3228	0
3255	0
3307	0
3349	0
3386	0
3395	0
3408	0
3431	0
3454	0
3503	1
3520	1
3526	0
3582	0
3607	0
3662	0
3670	0
3683	0
3706	0
3848	0
3849	0
3921	0
3940	1
3963	0
4024	0
4025	0
4040	0
4066	0
428	1
918	1
28	0
2316	1
51	0
1555	1
2748	1
68	0
79	0
1312	1
158	1
3050	0
89	0
94	0
124	0
125	0
155	0
279	1
660	0
712	1
110	0
832	1
1849	0
118	1
818	0
2833	1
189	0
1192	0
2219	2
1843	2
429	0
2523	0
324	0
362	0
414	0
1465	1
1084	0
52	0
1821	0
438	0
3423	0
2541	0
1432	0
2042	0
1103	0
2045	0
3004	0
53	0
2600	0
3694	0
1174	0
1838	0
497	0
1251	0
2159	0
1065	0
2644	0
689	0
3352	0
953	0
1817	0
2504	0
2313	0
1196	0
1395	0
3378	0
814	0
568	0
2698	0
2971	0
556	0
763	0
746	0
3487	0
1636	0
2817	0
1544	0
3981	0
1730	0
1332	0
1167	0
3318	0
509	0
2020	0
1866	0
2898	0
942	0
426	0
3862	0
109	0
256	0
1611	0
815	0
1608	0
1841	0
2368	0
1214	0
1346	0
1119	0
1712	0
884	0
872	0
2056	0
2694	0
469	0
41	0
2512	0
3700	0
755	0
2555	0
4068	0
499	0
3308	0
261	0
2810	0
3920	0
3762	0
828	0
2552	0
1099	0
2089	0
3040	0
2164	0
1070	0
2190	0
731	0
1809	0
7	0
2292	0
231	0
3018	0
868	0
1277	0
2924	0
1128	0
2282	0
1708	0
876	0
2251	0
2442	0
95	0
2993	0
2612	0
2762	2
2955	0
57	0
971	0
2400	0
1289	0
976	0
878	0
855	0
575	0
101	0
2505	0
2506	0
2060	0
58	0
1290	0
394	0
1334	0
2155	0
1318	0
2168	0
1534	0
3072	0
1753	0
2768	0
317	0
871	0
3433	0
3459	0
2360	0
1443	0
1961	0
1118	0
2982	0
3131	0
1137	0
298	0
595	0
2130	0
3424	0
2734	0
634	0
1857	0
2443	0
599	0
1225	0
2844	0
1874	0
1742	0
2912	0
2980	0
1302	0
2280	0
1772	0
769	0
2568	0
177	0
1921	0
1082	0
603	0
2039	0
2058	0
3660	0
223	0
393	0
4042	0
3066	0
182	0
2802	0
1011	0
1368	0
658	0
2455	0
3092	0
1900	0
3116	0
1416	0
1034	0
745	0
860	0
2520	0
1343	0
3707	0
2929	0
1155	0
1646	0
623	0
2572	0
99	0
3100	0
30	0
2143	0
1723	0
430	0
3	1
11	1
88	2
150	1
167	1
294	1
345	1
352	2
365	1
404	2
408	1
530	1
579	1
592	2
788	1
924	2
964	2
1032	1
1104	1
1139	2
1261	2
1309	2
1314	2
1381	2
1433	1
1463	2
1495	2
1533	1
1572	1
1595	2
1752	2
1763	2
1812	2
1842	1
1981	1
2050	2
2112	2
2365	1
2418	2
2424	2
2611	2
2638	2
2731	2
2737	2
2760	1
3280	2
193	2
1054	1
1193	1
804	2
952	2
1273	2
258	2
437	0
795	2
2181	2
91	2
3661	2
854	2
1602	2
2969	2
857	2
738	2
1689	0
646	2
1510	0
751	2
400	1
2866	2
812	2
2954	2
1182	2
1341	2
1165	2
3189	2
1482	2
636	2
3394	2
1150	2
2070	2
3464	2
2963	2
3381	2
817	2
3872	2
1126	2
1559	2
3403	2
1102	2
1147	2
522	2
496	2
444	2
1543	2
1761	2
2011	2
1125	2
1350	2
2956	2
593	2
2777	2
1083	2
265	2
3606	2
2871	2
1535	2
448	2
2994	2
2017	2
582	2
1409	2
2479	1
1428	1
1260	1
116	2
183	1
251	1
260	1
266	1
277	2
342	2
355	1
383	1
391	1
418	2
419	1
425	2
435	1
500	2
551	1
608	2
684	2
694	1
704	1
735	1
767	1
847	2
867	1
886	1
890	1
919	1
922	1
956	1
1009	2
1057	2
1077	1
1162	2
1176	1
1204	1
1210	2
1249	2
1305	1
1397	2
1399	1
1407	1
1422	2
1474	2
1475	1
1581	1
1669	1
1793	2
1854	1
1951	2
1990	1
2010	1
2043	2
2196	2
2220	1
2223	2
2230	1
2243	1
2244	2
2296	2
2324	2
2325	2
2335	1
2481	1
2655	1
2713	2
2720	1
2738	1
2869	2
2916	2
3243	2
3263	2
3300	2
3377	2
3390	2
3491	1
3524	1
3576	2
3926	2
4043	1
3725	2
969	1
1924	2
2764	2
3626	2
107	2
1188	2
2465	1
2692	1
3011	2
106	2
301	2
2848	2
547	2
899	2
4	2
27	1
100	2
172	1
293	2
327	1
331	2
359	1
665	1
794	1
1136	2
1338	1
1471	1
1917	2
1996	2
2191	2
2350	1
2457	1
2565	1
2605	1
2648	1
2744	2
2798	1
2860	2
2875	2
3077	2
3121	2
3128	2
3528	1
3539	2
60	1
74	0
164	1
215	1
297	2
300	1
376	2
461	0
470	2
491	0
493	2
498	2
536	2
538	2
569	2
617	2
639	2
696	2
716	2
722	2
725	2
752	2
765	2
843	2
901	2
1007	2
1019	2
1036	2
1098	2
1170	2
1209	2
1297	2
1457	2
1499	2
1507	1
1582	2
1633	2
1726	2
1738	2
1808	0
1847	2
1994	2
2029	0
2085	1
2086	1
2151	2
2344	2
2466	2
2641	2
2690	2
2714	2
3039	2
3219	2
3247	2
3262	2
3575	2
3724	2
3726	1
4050	2
10	2
1459	2
741	2
2428	2
21	2
958	2
1826	0
602	0
2346	2
1705	2
3427	2
175	0
808	2
330	2
222	2
3445	0
3543	2
2197	1
340	2
1246	2
1171	2
826	2
221	0
3363	2
3681	2
3564	2
4060	0
206	2
995	0
1872	2
1601	2
2140	1
707	2
2894	0
1735	2
1883	2
1146	2
69	2
192	1
311	2
573	2
926	2
1140	2
1166	2
1303	2
1391	2
1404	2
1616	2
2485	2
3172	2
3525	2
1425	2
1645	2
194	2
2135	2
3704	2
4012	2
978	2
199	2
3800	2
2032	2
1971	2
3485	2
2240	2
2787	2
655	2
2421	2
1546	2
2728	2
368	1
453	1
2276	2
2776	1
3342	1
72	1
2868	2
137	1
1573	2
1953	2
3060	2
370	2
1041	1
1215	2
1310	2
1451	2
2097	2
2813	2
1800	2
1127	2
484	2
5	2
1105	2
1440	2
1607	2
1629	2
1632	2
1963	2
2170	2
2321	2
3181	2
3268	2
3883	2
3903	2
8	0
16	2
49	0
85	2
141	2
145	0
148	0
201	2
214	2
235	1
280	2
283	2
295	2
312	0
389	1
421	1
441	0
443	0
452	0
506	0
532	2
541	2
576	0
577	2
621	0
626	2
662	0
673	0
691	2
711	0
740	2
747	0
802	2
803	0
837	0
888	1
937	2
972	1
981	0
1008	2
1023	1
1037	2
1078	0
1079	0
1093	0
1096	2
1152	2
1161	0
1179	0
1185	2
1213	0
1237	0
1278	2
1282	0
1288	0
1296	2
1340	2
1363	0
1372	2
1373	0
1380	0
1401	0
1405	0
1410	0
1430	1
1448	0
1505	2
1515	2
1579	0
1596	2
1598	0
1600	0
1664	0
1734	2
1737	2
1750	1
1773	0
1776	2
1780	2
1806	0
1814	0
1840	2
1877	0
1879	2
1915	2
1938	0
1976	0
1980	2
1982	0
1998	0
2068	0
2128	2
2134	0
2234	0
2261	2
2267	2
2293	0
2298	0
2337	0
2440	2
2459	0
2516	0
2530	2
2579	1
2588	0
2594	2
2609	0
2626	0
2650	0
2654	0
2666	2
2670	0
2711	0
2721	2
2797	0
2811	2
2812	0
2821	0
2830	2
2862	0
2904	0
2923	0
2932	0
2942	1
2978	0
2985	0
3045	0
3047	0
3107	2
3110	2
3396	0
3406	0
3421	2
3429	0
3463	0
3497	0
3527	0
3532	0
3601	2
3685	0
3686	0
3697	0
3729	0
3842	0
3850	0
3869	0
3978	0
4007	0
4028	0
3310	2
1412	1
59	2
1243	2
1158	1
1859	1
3383	1
113	1
1651	2
835	2
916	2
1910	0
2687	2
527	2
468	1
2278	2
615	2
572	2
2847	1
1058	1
806	1
1280	1
1975	0
962	0
1783	0
2253	0
3502	0
1250	0
1517	0
2637	0
162	2
2048	0
1549	2
139	0
659	0
3496	2
2897	0
2604	0
2592	0
913	0
1228	0
4041	2
1955	0
3436	2
3190	2
3972	2
3851	0
1406	0
2469	0
3922	0
3130	1
303	0
966	0
1785	0
1066	0
2581	0
653	0
571	0
1610	0
2583	0
2870	0
1932	0
1342	0
3315	0
2941	0
3080	0
3482	0
2158	2
2126	0
1218	0
652	0
3692	0
1267	0
159	0
3465	0
1660	0
702	0
127	0
2646	0
208	0
2180	2
661	0
2527	0
1390	0
2533	0
2000	0
3858	0
322	0
1747	0
1269	2
1690	1
1200	2
409	1
2340	2
3440	2
792	0
1089	0
1191	0
1461	2
1532	2
2338	0
2614	2
2907	1
3472	0
3761	2
3976	2
668	2
859	2
2265	1
2747	2
1960	2
3187	2
2526	2
227	2
333	2
479	2
849	2
997	2
1022	2
1216	2
1733	1
1745	1
1889	2
2052	1
2241	2
2242	2
2599	2
2948	2
3026	2
681	2
882	2
1514	2
1790	2
2519	2
2880	2
2960	2
4022	2
2275	2
3870	2
2854	2
1757	2
47	2
185	2
356	2
416	1
446	2
462	2
511	2
515	2
748	2
833	2
1229	2
1293	2
1325	2
1348	2
1366	2
1429	2
1873	1
1965	2
2077	2
2101	2
2104	2
2336	2
2342	2
2389	2
2467	2
2478	2
2498	2
2700	2
2967	2
2979	2
3001	2
3114	2
3124	2
3471	2
3501	2
3565	2
3882	2
3241	1
641	2
1947	2
272	2
2563	2
1504	2
2146	2
1279	2
1180	2
3178	2
120	2
392	2
1692	1
2147	2
2750	2
1815	2
37	0
62	0
63	0
77	0
117	0
149	2
154	0
170	0
196	2
209	0
210	0
212	0
216	2
225	0
226	0
230	0
248	2
262	0
316	0
318	2
325	0
349	0
360	2
369	2
372	0
374	2
412	2
447	0
450	2
460	0
501	0
512	2
539	0
543	0
566	0
567	0
578	0
581	0
583	0
613	0
619	0
624	0
649	0
682	0
713	0
714	0
753	2
764	2
775	0
778	0
790	0
821	0
839	2
840	0
856	0
861	0
870	0
877	0
893	0
902	2
934	0
951	0
967	0
974	0
987	0
1026	0
1033	0
1043	2
1047	0
1068	0
1087	2
1091	0
1092	2
1134	0
1138	2
1142	2
1220	0
1223	2
1242	0
1263	0
1272	0
1311	0
1316	0
1319	0
1328	0
1330	0
1335	0
1371	2
1374	0
1386	0
1419	0
1421	0
1426	0
1453	2
1473	0
1484	0
1487	0
1513	0
1554	2
1575	0
1637	2
1643	2
1659	0
1666	0
1682	0
1685	0
1703	0
1740	0
1743	2
1787	0
1819	0
1827	0
1829	0
1844	0
1848	2
1870	2
1903	0
1930	2
1936	2
1945	0
1979	0
1997	0
2023	0
2026	0
2027	0
2082	0
2111	0
2120	0
2150	0
2152	0
2169	0
2204	0
2210	0
2228	2
2263	0
2306	2
2323	2
2358	0
2359	0
2380	0
2445	0
2458	0
2461	0
2502	0
2503	2
2517	2
2537	2
2538	2
2540	0
2544	0
2566	0
2578	0
2591	0
2598	0
2620	2
2629	0
2649	0
2657	0
2673	0
2683	0
2684	0
2705	2
2708	0
2715	0
2726	0
2822	0
2842	0
2865	0
2928	0
2949	0
2991	0
2999	0
3002	0
3010	0
3014	0
3041	2
3049	0
3053	0
3054	0
3057	2
3122	0
3177	0
3209	0
3210	0
3223	2
3233	0
3261	0
3269	0
3286	0
3290	0
3344	0
3348	0
3407	1
3409	0
3420	0
3480	0
3536	0
3600	0
3663	0
3856	2
3943	2
3962	0
3980	0
495	2
19	0
2429	2
459	2
2279	0
798	0
550	1
1090	0
1012	2
207	0
219	0
245	0
2094	0
2129	0
78	0
257	2
1603	2
398	2
434	0
622	0
2680	2
2529	0
282	0
3740	2
3941	0
399	0
1276	0
1993	0
604	0
3034	0
2495	0
1907	0
1912	0
739	0
925	0
2947	0
1586	0
4029	0
387	0
3248	0
1221	0
2965	0
1233	0
1268	0
2724	0
1326	0
2689	0
61	0
3603	0
1437	0
3113	0
977	0
1438	0
1822	0
999	0
3664	0
3167	0
2809	0
503	0
2727	0
3560	0
3221	0
2931	0
3924	0
1556	0
1364	0
3136	0
2345	0
2553	0
1478	0
2874	0
866	0
2311	0
2556	0
770	0
3964	0
1967	0
2463	0
2183	0
1536	0
2374	0
1832	0
1885	0
66	0
2567	0
4062	0
3205	0
1359	0
1995	0
1597	0
347	0
13	0
2807	0
2819	0
2131	2
3696	0
3490	0
1455	0
1224	0
729	0
385	0
2237	0
2103	0
630	0
313	0
2189	1
3401	0
787	0
2307	0
259	0
2302	0
1687	0
546	0
1029	0
191	0
2710	0
644	2
903	2
2671	2
2659	1
20	2
558	2
657	2
1206	2
2107	2
2974	2
3171	2
3623	2
3668	2
2411	2
3264	2
598	2
1199	2
475	2
783	2
1545	2
2756	2
3451	2
17	2
773	2
930	1
1361	2
4006	2
982	2
292	2
488	2
789	2
831	2
1299	2
3577	2
39	2
844	2
605	2
705	2
1584	2
1942	2
2072	2
2167	2
3201	2
3983	2
232	2
4067	2
111	2
1450	2
2343	1
54	2
553	2
2117	2
3299	2
2410	2
2471	2
3379	2
965	2
635	2
1086	2
1620	2
3162	2
3293	1
56	2
379	2
647	2
709	2
1551	2
1746	2
2722	2
3297	2
3341	2
2067	2
213	2
217	2
358	2
366	2
410	2
423	2
439	2
517	2
528	2
542	2
749	2
756	2
1035	2
1075	2
1108	2
1175	2
1226	2
1281	2
1300	2
1355	2
1389	2
1503	2
1588	2
1713	2
1754	2
1878	2
1958	2
1985	2
2044	2
2076	1
2226	2
2248	1
2256	2
2285	2
2289	2
2312	2
2320	2
2326	2
2450	2
2576	2
2580	2
2584	2
2595	2
2616	2
2639	2
2652	2
2658	2
2703	2
2771	2
2852	2
2863	2
2888	2
2902	2
3213	2
3238	2
3609	2
3610	2
4004	2
929	2
3082	2
3270	1
304	2
482	2
732	2
1349	2
2437	2
510	2
718	2
663	2
908	2
2885	2
171	2
2007	2
2920	2
3196	2
2480	2
4065	2
1561	2
1896	2
1796	2
250	2
985	2
2930	2
3492	2
76	2
1236	2
3204	2
2106	2
2	2
3461	2
3728	2
2390	2
3507	2
975	2
1387	1
390	2
633	2
1863	2
3083	2
3091	2
3295	2
3730	2
174	2
1748	2
2509	2
1313	2
2221	2
799	2
2110	2
2363	2
3030	2
970	2
3410	2
580	2
887	2
910	2
3841	2
128	1
166	2
229	2
1100	2
2205	2
2349	2
2518	2
3056	2
3085	2
3439	2
3971	2
405	2
3175	2
3449	2
562	2
1164	2
2664	2
3044	2
3493	2
3140	2
3845	2
1569	2
1201	2
3206	2
2564	2
1187	2
3393	2
1492	2
2988	2
1051	2
2879	2
779	2
1295	2
514	2
1256	2
12	2
2025	2
440	2
1040	2
3364	2
1933	2
2013	2
1304	2
163	2
564	2
2878	2
2674	1
36	2
70	2
71	2
188	2
239	2
584	2
680	2
693	2
758	2
776	2
811	2
819	2
845	2
905	2
1071	2
1222	2
1230	2
1356	2
1379	2
1442	2
1477	2
1502	2
1567	2
1617	2
1674	2
1683	2
1707	2
1724	2
1784	2
1794	2
1836	2
1892	2
1906	2
1941	2
1946	2
1970	2
2153	2
2188	2
2249	2
2291	2
2381	2
2426	2
2427	2
2647	2
2843	2
2861	2
2925	2
3345	2
3447	2
3548	2
3604	2
3625	2
4002	2
2075	2
3682	2
203	2
4005	2
184	2
267	2
190	2
1807	2
2597	2
2825	2
1570	2
762	2
895	2
1122	2
2782	2
3282	2
3488	2
3667	2
829	2
1512	2
3062	2
48	1
464	2
892	2
1583	2
2470	2
3495	2
3780	2
1367	1
1624	1
18	2
692	2
1141	2
1472	2
1652	2
2946	2
3253	2
3580	2
80	2
3522	2
26	1
560	2
933	2
2665	2
3847	1
1989	2
2199	2
2283	2
2500	2
3036	2
3287	2
2909	2
29	2
90	1
431	2
650	2
671	2
672	2
743	2
862	2
968	2
1257	2
1393	2
1721	2
1987	2
2357	2
2487	2
2867	2
3074	2
3120	2
3132	2
4011	2
1618	2
1000	2
115	2
1722	2
1052	2
733	2
2548	2
2173	2
357	2
3078	2
706	2
2436	2
55	2
3975	2
2139	2
990	2
2557	2
3319	2
2570	2
1173	2
1184	2
2972	2
2416	2
757	2
1846	2
1485	2
2452	2
2917	2
2669	2
1931	1
3031	2
785	1
34	1
531	1
535	1
700	1
766	1
875	1
1286	1
1508	1
1553	1
1613	1
1697	1
1749	1
1779	1
1899	1
2297	1
2746	1
2806	1
2846	1
2850	1
3064	1
3230	1
3232	1
3372	1
3373	1
3374	1
3254	1
3024	2
286	2
1622	2
4045	2
197	2
719	2
3608	2
1890	2
338	2
1129	2
2315	2
3866	2
3456	2
108	2
3367	2
42	2
198	2
771	2
2804	2
2995	2
3494	2
3605	2
427	1
1506	1
481	2
544	2
1076	1
1578	2
1709	2
1853	2
3312	2
152	2
2420	2
2004	2
2238	2
2474	2
2839	2
126	2
585	1
931	2
75	1
1388	1
2575	1
955	2
3446	2
1751	2
1769	2
82	2
455	2
1527	2
1262	2
181	1
2462	2
3425	2
723	1
2055	2
2451	2
3260	2
3240	1
726	2
3442	2
3702	2
1398	2
2735	2
2536	1
2559	2
3301	2
2550	2
1585	2
1518	2
3195	2
3530	2
2507	2
2088	2
2539	2
1439	2
1725	2
1322	2
2415	2
1265	2
1521	2
2545	2
1113	2
2192	2
130	2
1324	2
1509	2
1531	2
46	1
1655	2
2542	2
648	1
586	2
927	2
1619	2
3944	2
1486	2
2630	2
587	2
1476	2
1498	2
2035	2
2329	2
3291	2
1566	2
1681	2
678	2
3065	1
555	1
64	2
326	2
1133	2
645	2
1905	2
2108	2
3042	2
119	2
73	2
703	2
3880	2
140	2
791	2
796	2
827	2
909	2
1143	2
1347	2
1539	2
2136	2
2269	2
2398	2
2434	2
2582	2
2661	2
2815	2
3023	2
3025	2
3397	2
3640	2
1375	2
373	2
2099	2
252	2
2484	2
2116	2
2087	2
350	2
3534	2
3687	2
2493	2
2074	2
1839	2
165	2
516	2
2679	2
596	2
917	2
3927	2
2016	2
1048	2
2395	2
1384	2
2430	2
180	2
1771	2
1130	2
2905	2
3012	2
237	2
1239	2
2162	2
1358	2
3622	2
3432	2
1031	2
920	2
1411	2
3362	2
344	2
133	2
2012	2
3235	2
244	2
3283	2
490	2
1538	2
526	2
3350	2
631	2
1394	2
2270	2
1301	2
131	2
2792	2
310	2
2348	2
1028	2
2194	2
445	2
915	2
1704	2
1519	2
1219	2
1088	2
2881	2
367	2
403	2
1928	2
81	2
156	2
432	1
907	1
1106	1
1109	1
1548	1
1560	1
1766	1
1850	1
2021	1
2022	1
2271	1
2571	1
205	2
768	1
774	1
900	2
161	2
396	2
667	2
906	2
1115	2
1795	2
2546	2
2901	2
885	2
291	2
315	2
348	2
597	2
1030	2
1255	2
1447	2
1501	2
1852	2
1991	2
2182	2
2288	2
2577	2
3388	2
3859	2
2392	2
1481	2
134	2
135	2
153	2
241	2
246	2
271	2
309	2
395	2
610	2
642	2
816	2
1002	2
1063	2
1132	2
1181	2
1208	2
1599	2
1739	2
1865	2
1922	2
2123	2
2246	2
2273	2
2456	2
2482	2
2510	2
2740	2
2826	2
3101	2
3389	2
3434	2
3574	2
3857	2
4008	2
2961	2
2808	2
1831	2
136	2
2554	2
2438	2
1810	2
1001	2
590	2
2163	2
1488	2
2125	2
147	2
2018	2
3961	2
3562	2
2834	2
451	2
2635	2
122	2
1431	2
3029	2
1864	2
938	2
123	2
1378	2
1565	2
2759	2
3529	2
466	2
822	2
1044	2
1234	2
1317	2
2057	2
2127	2
2195	2
2216	2
2341	2
2678	2
3105	2
3428	2
3466	2
760	2
1321	2
3236	2
2719	2
2252	2
2945	2
1114	2
103	2
957	2
2019	1
114	1
2763	2
1804	2
873	2
2623	2
513	2
3008	2
973	2
2685	2
449	2
2227	2
281	2
519	2
1736	2
3570	2
477	2
151	2
302	2
1238	2
3369	2
268	2
1547	2
1862	2
2695	2
2794	2
2829	2
3569	2
299	2
2805	2
784	2
3544	2
986	2
904	2
2944	2
3289	2
3452	2
2853	2
2613	2
1235	1
169	1
1190	1
3256	1
178	2
290	2
1720	2
2092	2
3321	2
1966	2
1888	2
3069	2
654	2
1203	2
1868	2
1977	2
1944	2
1969	2
2200	2
1294	2
2643	2
805	1
935	2
1658	2
625	2
1919	2
3450	2
2047	2
442	1
2497	2
332	2
364	2
2069	2
3695	2
3405	2
3046	1
218	2
351	2
2066	2
224	2
3671	2
233	2
2896	1
234	2
824	2
1287	2
2402	1
2682	2
2718	2
2753	2
2796	2
1285	1
2752	2
695	1
801	2
880	2
2908	2
2304	1
269	1
504	2
278	2
2696	2
284	2
456	2
820	2
858	2
879	2
1049	2
1227	2
1552	2
1880	2
2184	2
2406	2
2414	2
2483	2
2966	2
3237	2
3900	2
2397	2
2849	1
307	1
2008	1
1055	2
1385	2
463	1
335	1
2561	1
3169	2
2911	2
1593	2
346	2
1466	1
2236	1
687	2
2494	1
371	1
2362	1
263	1
377	1
3624	2
2476	1
1377	2
3226	2
472	1
2002	2
3727	1
1491	2
407	2
2433	2
2783	2
3689	2
420	2
2983	1
3322	2
1365	1
2686	1
1360	2
486	2
545	2
102	2
4010	2
563	1
1006	2
3392	2
2407	1
1059	2
1081	2
1665	2
2098	2
2791	2
1270	2
2864	1
502	1
1816	2
963	1
3444	2
1775	2
521	2
589	2
524	1
1271	1
618	2
1871	2
1948	2
2356	2
2521	2
381	2
3249	2
2382	2
525	2
424	2
1470	1
2788	1
1131	2
4000	2
1661	2
3902	2
607	2
3690	2
1123	2
2823	2
3242	2
2148	2
2653	1
3016	2
2160	1
2031	2
656	1
2574	2
2149	1
601	2
1094	2
1869	2
3366	2
3489	2
2952	1
616	2
3688	2
2837	2
3052	2
1435	2
1914	2
2606	2
914	2
494	2
2250	1
353	2
2968	1
2369	2
129	2
1292	2
3484	2
1149	2
1067	1
2590	2
2511	1
730	2
1060	2
744	2
1245	2
285	1
846	1
273	1
850	1
1135	1
851	1
979	2
3455	2
1934	1
1999	1
869	1
911	2
989	2
994	2
737	1
1024	1
195	1
1061	1
1786	2
1913	2
701	2
467	2
2090	2
485	2
254	2
112	2
1062	1
2778	2
1159	2
1781	2
3474	2
143	2
1168	2
3161	1
1178	1
3666	1
1241	2
2739	2
2235	1
1408	1
2314	1
1329	1
750	2
2883	2
3183	2
3048	2
3173	2
1402	2
38	2
1663	2
1820	2
1194	2
984	2
3022	2
2730	2
1516	2
1157	2
3192	1
1591	2
1700	2
508	2
433	2
3106	2
2051	2
1005	1
1956	1
1195	2
2224	1
2453	1
3265	1
220	2
1320	1
2305	1
1362	1
2328	2
3380	2
1641	2
921	2
1327	2
323	1
2364	1
690	1
2366	1
606	1
2468	2
2676	2
2185	2
3246	2
132	2
2716	2
2534	2
537	1
2882	2
2820	2
2618	2
1354	2
1042	2
2770	2
1039	2
2064	2
1144	1
3058	1
287	1
3239	1
3340	1
3317	1
93	1
3398	1
736	1
3568	1
3533	2
2102	2
2161	1
3973	1
